0 -0.00827653
48.5293 -0.00827653
97.0587 -0.00827653
135.882 -0.00827654
184.412 -0.00827656
232.941 -0.00827659
271.764 -0.00827663
320.294 -0.00827668
368.823 -0.00827676
407.646 -0.00827683
456.176 -0.00827696
504.705 -0.00827711
543.529 -0.00827726
592.058 -0.00827749
630.881 -0.00827771
679.411 -0.00827804
727.94 -0.00827842
766.764 -0.00827878
815.293 -0.00827928
863.822 -0.00827986
902.646 -0.00828039
951.175 -0.00828111
999.704 -0.00828192
1038.53 -0.00828263
1087.06 -0.0082836
1125.88 -0.00828443
1174.41 -0.00828555
1222.94 -0.00828675
1261.76 -0.00828777
1310.29 -0.0082891
1358.82 -0.0082905
1397.65 -0.00829167
1446.17 -0.00829317
1494.7 -0.00829473
1533.53 -0.008296
1582.06 -0.00829764
1620.88 -0.00829897
1669.41 -0.00830067
1717.94 -0.00830241
1756.76 -0.00830384
1805.29 -0.00830567
1853.82 -0.00830758
1892.64 -0.00830917
1941.17 -0.00831125
1989.7 -0.00831347
2028.53 -0.00831538
2077.06 -0.00831794
2115.88 -0.00832018
2164.41 -0.00832324
2212.94 -0.00832666
2251.76 -0.00832969
2300.29 -0.0083339
2348.82 -0.00833865
2387.64 -0.00834289
2436.17 -0.0083488
2484.7 -0.00835547
2523.53 -0.0083614
2572.06 -0.00836965
2610.88 -0.00837695
2659.41 -0.00838705
2707.94 -0.00839828
2746.76 -0.00840815
2795.29 -0.00842163
2843.82 -0.00843647
2882.64 -0.00844933
2931.17 -0.0084667
2979.7 -0.00848553
3018.52 -0.00850163
3067.05 -0.00852306
3105.88 -0.00854122
3154.41 -0.00856512
3202.94 -0.00859027
3241.76 -0.00861122
3290.29 -0.00863832
3338.82 -0.00866626
3377.64 -0.0086891
3426.17 -0.00871808
3474.7 -0.00874734
3513.52 -0.0087708
3562.05 -0.00880001
3600.88 -0.00882315
3649.41 -0.00885164
3697.94 -0.00887949
3736.76 -0.00890122
3785.29 -0.00892761
3833.82 -0.00895311
3872.64 -0.00897285
3921.17 -0.00899673
3969.7 -0.0090198
4008.52 -0.00903774
4057.05 -0.00905964
4095.88 -0.00907683
4144.41 -0.00909806
4192.94 -0.00911915
4231.76 -0.00913605
4280.29 -0.00915732
4328.82 -0.00917888
4367.64 -0.00919641
4416.17 -0.00921872
4464.7 -0.00924152
4503.52 -0.00926011
4552.05 -0.00928376
4590.88 -0.00930298
4639.4 -0.0093273
4687.93 -0.00935189
4726.76 -0.00937167
4775.29 -0.00939648
4823.82 -0.00942128
4862.64 -0.00944107
4911.17 -0.0094657
4959.7 -0.00949019
4998.52 -0.00950967
5047.05 -0.00953389
5085.87 -0.00955319
5134.4 -0.00957724
5182.93 -0.00960128
5221.76 -0.00962054
5270.29 -0.00964471
5318.82 -0.00966903
5357.64 -0.00968862
5406.17 -0.0097133
5454.7 -0.0097382
5493.52 -0.00975829
5542.05 -0.00978358
5580.87 -0.00980394
5629.4 -0.0098295
5677.93 -0.00985515
5716.76 -0.00987569
5765.29 -0.00990135
5813.82 -0.00992695
5852.64 -0.00994737
5901.17 -0.00997278
5949.7 -0.00999807
5988.52 -0.0100182
6037.05 -0.0100433
6075.87 -0.0100633
6124.4 -0.0100882
6172.93 -0.0101131
6211.76 -0.010133
6260.29 -0.0101579
6308.81 -0.0101829
6347.64 -0.0102029
6396.17 -0.010228
6444.7 -0.0102532
6483.52 -0.0102734
6532.05 -0.0102987
6570.87 -0.010319
6619.4 -0.0103443
6667.93 -0.0103697
6706.75 -0.0103901
6755.28 -0.0104155
6803.81 -0.0104409
6842.64 -0.0104612
6891.17 -0.0104865
6939.7 -0.0105119
6978.52 -0.0105322
7027.05 -0.0105576
7065.87 -0.010578
7114.4 -0.0106035
7162.93 -0.010629
7201.75 -0.0106494
7250.28 -0.010675
7298.81 -0.0107005
7337.64 -0.0107209
7386.17 -0.0107464
7434.7 -0.0107717
7473.52 -0.0107918
7522.05 -0.0108168
7560.87 -0.0108365
7609.4 -0.010861
7657.93 -0.0108852
7696.75 -0.0109043
7745.28 -0.010928
7793.81 -0.0109514
7832.64 -0.01097
7881.16 -0.0109931
7929.69 -0.0110161
7968.52 -0.0110345
8017.05 -0.0110576
8055.87 -0.0110761
8104.4 -0.0110994
8152.93 -0.0111229
8191.75 -0.0111419
8240.28 -0.0111658
8288.81 -0.01119
8327.63 -0.0112095
8376.16 -0.011234
8424.69 -0.0112586
8463.52 -0.0112783
8512.05 -0.011303
8550.87 -0.0113226
8599.4 -0.0113472
8647.93 -0.0113716
8686.75 -0.011391
8735.28 -0.0114152
8783.81 -0.0114392
8822.63 -0.0114584
8871.16 -0.0114824
8919.69 -0.0115065
8958.52 -0.0115258
9007.05 -0.0115501
9045.87 -0.0115698
9094.4 -0.0115947
9142.93 -0.01162
9181.75 -0.0116406
9230.28 -0.0116667
9278.81 -0.0116933
9317.63 -0.0117149
9366.16 -0.0117423
9414.69 -0.0117701
9453.52 -0.0117926
9502.05 -0.0118209
9540.87 -0.0118438
9589.4 -0.0118725
9637.93 -0.0119014
9676.75 -0.0119246
9725.28 -0.0119536
9773.81 -0.0119827
9812.63 -0.0120061
9861.16 -0.0120355
9909.69 -0.012065
9948.51 -0.0120888
9997.04 -0.0121188
10035.9 -0.0121431
10084.4 -0.0121737
10132.9 -0.0122048
10171.7 -0.0122299
10220.3 -0.0122618
10268.8 -0.0122942
10307.6 -0.0123204
10356.2 -0.0123535
10404.7 -0.012387
10443.5 -0.012414
10492 -0.0124479
10530.9 -0.0124752
10579.4 -0.0125095
10627.9 -0.0125439
10666.7 -0.0125714
10715.3 -0.0126058
10763.8 -0.0126403
10802.6 -0.012668
10851.2 -0.0127027
10899.7 -0.0127376
10938.5 -0.0127656
10987 -0.012801
11025.9 -0.0128296
11074.4 -0.0128658
11122.9 -0.0129025
11161.7 -0.0129323
11210.3 -0.0129701
11258.8 -0.0130087
11297.6 -0.01304
11346.2 -0.0130799
11394.7 -0.0131204
11433.5 -0.0131532
11482 -0.0131949
11520.9 -0.0132285
11569.4 -0.0132711
11617.9 -0.013314
11656.7 -0.0133486
11705.3 -0.0133921
11753.8 -0.0134359
11792.6 -0.013471
11841.2 -0.0135152
11889.7 -0.0135594
11928.5 -0.013595
11977 -0.0136396
12015.9 -0.0136754
12064.4 -0.0137203
12112.9 -0.0137654
12151.7 -0.0138016
12200.3 -0.013847
12248.8 -0.0138925
12287.6 -0.013929
12336.2 -0.0139747
12384.7 -0.0140203
12423.5 -0.0140568
12472 -0.0141022
12510.9 -0.0141384
12559.4 -0.0141833
12607.9 -0.0142279
12646.7 -0.0142631
12695.3 -0.0143067
12743.8 -0.0143497
12782.6 -0.0143835
12831.2 -0.0144253
12879.7 -0.0144663
12918.5 -0.0144986
12967 -0.0145382
13005.9 -0.0145695
13054.4 -0.0146079
13102.9 -0.0146457
13141.7 -0.0146754
13190.3 -0.014712
13238.8 -0.014748
13277.6 -0.0147764
13326.2 -0.0148113
13374.7 -0.0148457
13413.5 -0.0148728
13462 -0.0149061
13500.9 -0.0149323
13549.4 -0.0149646
13597.9 -0.0149962
13636.7 -0.0150211
13685.3 -0.0150517
13733.8 -0.0150817
13772.6 -0.0151053
13821.2 -0.0151344
13869.7 -0.015163
13908.5 -0.0151856
13957 -0.0152137
13995.9 -0.0152359
14044.4 -0.0152636
14092.9 -0.0152913
14131.7 -0.0153134
14180.3 -0.0153412
14228.8 -0.0153692
14267.6 -0.0153918
14316.2 -0.0154203
14364.7 -0.0154491
14403.5 -0.0154724
14452 -0.0155018
14490.9 -0.0155255
14539.4 -0.0155555
14587.9 -0.0155856
14626.7 -0.0156098
14675.3 -0.0156402
14723.8 -0.0156706
14762.6 -0.0156949
14811.2 -0.0157251
14859.7 -0.0157551
14898.5 -0.0157789
14947 -0.0158085
14985.9 -0.0158318
15034.4 -0.0158607
15082.9 -0.0158892
15121.7 -0.0159117
15170.3 -0.0159394
15218.8 -0.0159668
15257.6 -0.0159884
15306.2 -0.016015
15354.7 -0.0160412
15393.5 -0.016062
15442 -0.0160876
15480.9 -0.0161078
15529.4 -0.0161327
15577.9 -0.0161573
15616.7 -0.0161767
15665.3 -0.0162007
15713.8 -0.0162242
15752.6 -0.0162428
15801.2 -0.0162657
15849.7 -0.0162882
15888.5 -0.016306
15937 -0.0163279
15975.9 -0.0163452
16024.4 -0.0163666
16072.9 -0.0163877
16111.7 -0.0164045
16160.3 -0.0164255
16208.8 -0.0164464
16247.6 -0.0164632
16296.2 -0.0164844
16344.7 -0.0165059
16383.5 -0.0165234
16432 -0.0165457
16470.9 -0.016564
16519.4 -0.0165875
16567.9 -0.0166119
16606.7 -0.0166321
16655.3 -0.0166582
16703.8 -0.0166854
16742.6 -0.016708
16791.2 -0.0167374
16839.7 -0.016768
16878.5 -0.0167934
16927 -0.0168262
16965.9 -0.0168534
17014.4 -0.0168884
17062.9 -0.0169245
17101.7 -0.0169542
17150.3 -0.0169921
17198.8 -0.0170309
17237.6 -0.0170624
17286.2 -0.0171024
17334.7 -0.0171429
17373.5 -0.0171756
17422 -0.0172166
17460.9 -0.0172496
17509.4 -0.017291
17557.9 -0.0173323
17596.7 -0.0173654
17645.3 -0.0174067
17693.8 -0.0174479
17732.6 -0.0174808
17781.2 -0.017522
17829.7 -0.0175631
17868.5 -0.0175961
17917 -0.0176374
17955.9 -0.0176706
18004.4 -0.0177124
18052.9 -0.0177546
18091.7 -0.0177887
18140.3 -0.0178319
18188.8 -0.0178757
18227.6 -0.0179112
18276.1 -0.0179564
18324.7 -0.0180024
18363.5 -0.0180398
18412 -0.0180874
18450.9 -0.0181262
18499.4 -0.0181755
18547.9 -0.0182257
18586.7 -0.0182665
18635.3 -0.0183184
18683.8 -0.0183711
18722.6 -0.0184139
18771.1 -0.0184681
18819.7 -0.0185231
18858.5 -0.0185677
18907 -0.018624
18945.9 -0.0186697
18994.4 -0.0187273
19042.9 -0.0187856
19081.7 -0.0188326
19130.3 -0.018892
19178.8 -0.0189519
19217.6 -0.0190003
19266.1 -0.0190611
19314.7 -0.0191223
19353.5 -0.0191716
19402 -0.0192335
19440.9 -0.0192832
19489.4 -0.0193455
19537.9 -0.019408
19576.7 -0.0194582
19625.3 -0.0195209
19673.8 -0.0195838
19712.6 -0.019634
19761.1 -0.0196969
19809.7 -0.0197598
19848.5 -0.0198101
19897 -0.019873
19935.9 -0.0199234
19984.4 -0.0199863
20032.9 -0.0200493
20071.7 -0.0200997
20120.3 -0.0201627
20168.8 -0.0202259
20207.6 -0.0202765
20256.1 -0.0203398
20304.7 -0.0204032
20343.5 -0.020454
20392 -0.0205175
20430.9 -0.0205684
20479.4 -0.0206321
20527.9 -0.0206957
20566.7 -0.0207467
20615.3 -0.0208102
20663.8 -0.0208737
20702.6 -0.0209243
20751.1 -0.0209874
20799.7 -0.0210503
20838.5 -0.0211002
20887 -0.0211624
20925.9 -0.0212117
20974.4 -0.0212728
21022.9 -0.0213332
21061.7 -0.0213809
21110.3 -0.0214398
21158.8 -0.0214976
21197.6 -0.021543
21246.1 -0.0215987
21294.7 -0.0216529
21333.5 -0.0216951
21382 -0.0217464
21420.9 -0.0217861
21469.4 -0.021834
21517.9 -0.0218799
21556.7 -0.0219151
21605.3 -0.021957
21653.8 -0.0219967
21692.6 -0.0220267
21741.1 -0.0220621
21789.7 -0.0220951
21828.5 -0.0221197
21877 -0.0221484
21915.8 -0.0221696
21964.4 -0.0221939
22012.9 -0.022216
22051.7 -0.022232
22100.3 -0.0222501
22148.8 -0.0222661
22187.6 -0.0222774
22236.1 -0.0222899
22284.7 -0.0223006
22323.5 -0.022308
22372 -0.0223158
22410.8 -0.0223211
22459.4 -0.0223266
22507.9 -0.022331
22546.7 -0.0223338
22595.3 -0.0223367
22643.8 -0.022339
22682.6 -0.0223405
22731.1 -0.0223422
22779.7 -0.0223437
22818.5 -0.0223449
22867 -0.0223465
22905.8 -0.0223479
22954.4 -0.0223499
23002.9 -0.0223523
23041.7 -0.0223545
23090.3 -0.0223577
23138.8 -0.0223614
23177.6 -0.0223647
23226.1 -0.0223694
23274.7 -0.0223747
23313.5 -0.0223795
23362 -0.022386
23400.8 -0.0223917
23449.4 -0.0223996
23497.9 -0.0224083
23536.7 -0.0224159
23585.3 -0.0224262
23633.8 -0.0224375
23672.6 -0.0224472
23721.1 -0.0224603
23769.7 -0.0224743
23808.5 -0.0224861
23857 -0.0225017
23895.8 -0.0225147
23944.4 -0.0225314
23992.9 -0.0225486
24031.7 -0.0225626
24080.3 -0.0225801
24128.8 -0.0225975
24167.6 -0.0226112
24216.1 -0.0226279
24264.7 -0.022644
24303.5 -0.0226563
24352 -0.0226709
24390.8 -0.0226819
24439.4 -0.0226948
24487.9 -0.0227069
24526.7 -0.0227159
24575.3 -0.0227264
24623.8 -0.0227364
24662.6 -0.0227439
24711.1 -0.0227531
24759.7 -0.0227621
24798.5 -0.0227693
24847 -0.0227782
24885.8 -0.0227855
24934.4 -0.0227949
24982.9 -0.0228044
25021.7 -0.0228122
25070.3 -0.0228221
25118.8 -0.0228321
25157.6 -0.0228401
25206.1 -0.02285
25254.7 -0.0228596
25293.5 -0.022867
25342 -0.0228759
25380.8 -0.0228825
25429.4 -0.0228903
25477.9 -0.0228974
25516.7 -0.0229026
25565.3 -0.0229085
25613.8 -0.0229138
25652.6 -0.0229176
25701.1 -0.022922
25749.7 -0.0229259
25788.5 -0.0229287
25837 -0.022932
25875.8 -0.0229344
25924.4 -0.0229371
25972.9 -0.0229394
26011.7 -0.022941
26060.3 -0.0229424
26108.8 -0.0229431
26147.6 -0.0229431
26196.1 -0.0229422
26244.7 -0.0229402
26283.5 -0.0229378
26332 -0.0229335
26370.8 -0.0229291
26419.4 -0.0229223
26467.9 -0.0229143
26506.7 -0.0229069
26555.3 -0.0228966
26603.8 -0.0228853
26642.6 -0.0228757
26691.1 -0.0228631
26739.7 -0.0228501
26778.5 -0.0228395
26827 -0.0228261
26865.8 -0.0228154
26914.4 -0.0228021
26962.9 -0.0227889
27001.7 -0.0227783
27050.3 -0.0227651
27098.8 -0.0227518
27137.6 -0.022741
27186.1 -0.0227271
27234.7 -0.0227128
27273.5 -0.0227008
27322 -0.0226851
27360.8 -0.0226721
27409.4 -0.0226551
27457.9 -0.0226374
27496.7 -0.0226229
27545.3 -0.0226045
27593.8 -0.0225861
27632.6 -0.0225716
27681.1 -0.0225541
27729.7 -0.0225377
27768.5 -0.0225256
27817 -0.0225122
27855.8 -0.0225031
27904.4 -0.0224939
27952.9 -0.0224873
27991.7 -0.0224842
28040.3 -0.022483
28088.8 -0.0224847
28127.6 -0.0224882
28176.1 -0.022495
28224.7 -0.0225044
28263.5 -0.0225136
28312 -0.0225269
28350.8 -0.0225387
28399.4 -0.0225546
28447.9 -0.0225713
28486.7 -0.0225851
28535.2 -0.0226021
28583.8 -0.0226186
28622.6 -0.0226311
28671.1 -0.0226452
28719.7 -0.022657
28758.5 -0.0226645
28807 -0.0226707
28845.8 -0.0226727
28894.4 -0.0226711
28942.9 -0.022664
28981.7 -0.0226542
29030.2 -0.022636
29078.8 -0.022611
29117.6 -0.0225859
29166.1 -0.0225478
29214.7 -0.0225024
29253.5 -0.0224609
29302 -0.0224028
29340.8 -0.0223519
29389.4 -0.0222831
29437.9 -0.0222095
29476.7 -0.0221479
29525.2 -0.0220683
29573.8 -0.021987
29612.6 -0.0219214
29661.1 -0.0218397
29709.7 -0.0217591
29748.5 -0.0216959
29797 -0.0216188
29835.8 -0.021559
29884.4 -0.0214865
29932.9 -0.0214164
29971.7 -0.0213617
30020.2 -0.0212946
30068.8 -0.0212282
30107.6 -0.021175
30156.1 -0.0211077
30204.7 -0.0210388
30243.5 -0.0209821
30292 -0.0209088
30330.8 -0.020848
30379.4 -0.0207693
30427.9 -0.0206878
30466.7 -0.020621
30515.2 -0.0205362
30563.8 -0.0204507
30602.6 -0.0203826
30651.1 -0.020299
30699.7 -0.0202183
30738.5 -0.0201566
30787 -0.0200841
30825.8 -0.0200303
30874.4 -0.0199689
30922.9 -0.0199144
30961.7 -0.0198758
31010.2 -0.0198335
31058.8 -0.0197973
31097.6 -0.019772
31146.1 -0.0197442
31194.7 -0.0197193
31233.5 -0.0197005
31282 -0.019677
31320.8 -0.0196574
31369.4 -0.0196305
31417.9 -0.0195998
31456.7 -0.0195717
31505.2 -0.0195316
31553.8 -0.0194851
31592.6 -0.0194431
31641.1 -0.0193842
31689.7 -0.0193182
31728.5 -0.0192604
31777 -0.0191818
31815.8 -0.0191141
31864.4 -0.0190235
31912.9 -0.0189265
31951.7 -0.0188444
32000.2 -0.0187361
32048.8 -0.0186217
32087.6 -0.0185258
32136.1 -0.0184004
32184.7 -0.018269
32223.5 -0.0181596
32272 -0.0180178
32310.8 -0.0179004
32359.4 -0.0177491
32407.9 -0.0175934
32446.7 -0.0174659
32495.2 -0.0173038
32543.8 -0.0171392
32582.6 -0.0170062
32631.1 -0.016839
32679.7 -0.016671
32718.5 -0.0165362
32767 -0.0163672
32805.8 -0.0162313
32854.4 -0.0160598
32902.9 -0.0158854
32941.7 -0.0157427
32990.2 -0.0155586
33038.8 -0.015366
33077.6 -0.0152039
33126.1 -0.014989
33174.7 -0.0147578
33213.5 -0.0145592
33262 -0.0142917
33300.8 -0.0140608
33349.4 -0.0137494
33397.9 -0.013411
33436.7 -0.0131201
33485.2 -0.0127305
33533.8 -0.0123119
33572.6 -0.0119561
33621.1 -0.0114852
33669.7 -0.0109853
33708.5 -0.0105641
33757 -0.0100099
33795.8 -0.00954226
33844.4 -0.0089228
33892.9 -0.00825573
33931.7 -0.00767812
33980.2 -0.00688293
34028.8 -0.00597713
34067.6 -0.00514366
34116.1 -0.00391571
34164.7 -0.00240622
34203.5 -0.000926084
34252 0.00137757
34290.8 0.0036883
34339.4 0.00733596
34387.9 0.0120651
34426.7 0.0168314
34475.2 0.0243203
34523.8 0.0339002
34562.6 0.0433863
34611.1 0.0579622
34659.7 0.0760884
34698.5 0.0935465
34747 0.119575
34785.8 0.144132
34834.4 0.179957
34882.9 0.221912
34921.7 0.260119
34970.2 0.313821
35018.8 0.374073
35057.6 0.42678
35106.1 0.497768
35154.7 0.573521
35193.5 0.636667
35242 0.717362
35280.8 0.782065
35329.4 0.861179
35377.9 0.935931
35416.7 0.990757
35465.2 1.05073
35513.8 1.09866
35552.6 1.12664
35601.1 1.14687
35649.7 1.1492
35688.5 1.13749
35737 1.10569
35775.8 1.0669
35824.4 1.00291
35872.9 0.92393
35911.7 0.852088
35960.2 0.754803
36008.8 0.653494
36047.6 0.572906
36096.1 0.477094
36144.7 0.391492
36183.5 0.33353
36232 0.277623
36270.8 0.248105
36319.4 0.231939
36367.9 0.23948
36406.7 0.262143
36455.2 0.309481
36503.8 0.374654
36542.6 0.436473
36591.1 0.521045
36639.7 0.607739
36678.5 0.674082
36727 0.747606
36765.8 0.794968
36814.4 0.835198
36862.9 0.850243
36901.7 0.842093
36950.2 0.805458
36998.8 0.739666
37037.6 0.667271
37086.1 0.554946
37134.6 0.422842
37173.5 0.306845
37222 0.154522
37260.8 0.0311834
37309.4 -0.118896
37357.9 -0.258109
37396.7 -0.357511
37445.2 -0.462405
37493.8 -0.541965
37532.6 -0.585439
37581.1 -0.613308
37629.6 -0.611656
37668.5 -0.589833
37717 -0.53887
37755.8 -0.481209
37804.3 -0.391456
37852.9 -0.286459
37891.7 -0.19491
37940.2 -0.075477
37988.8 0.0446122
38027.6 0.137786
38076.1 0.246755
38124.6 0.343624
38163.5 0.410133
38212 0.47735
38250.8 0.517277
38299.3 0.549101
38347.9 0.560823
38386.7 0.556298
38435.2 0.534696
38483.7 0.497699
38522.6 0.459114
38571.1 0.402731
38619.6 0.341061
38658.4 0.290753
38707 0.230188
38745.8 0.186097
38794.3 0.139485
38842.9 0.105154
38881.7 0.0880933
38930.2 0.08099
38978.7 0.0901494
39017.6 0.108889
39066.1 0.145401
39114.6 0.194323
39153.4 0.240387
39202 0.303625
39240.8 0.356298
39289.3 0.421335
39337.9 0.481776
39376.7 0.524357
39425.2 0.567727
39473.7 0.597866
39512.6 0.611338
39561.1 0.614247
39609.6 0.601841
39648.4 0.581574
39697 0.544851
39735.8 0.507905
39784.3 0.454753
39832.8 0.396936
39871.7 0.349622
39920.2 0.291975
39968.7 0.23888
40007.6 0.20149
40056.1 0.162907
40104.6 0.134759
40143.4 0.120291
40192 0.112332
40230.8 0.113699
40279.3 0.124088
40327.8 0.142529
40366.7 0.161679
40415.2 0.189149
40463.7 0.218274
40502.6 0.241168
40551.1 0.267457
40599.6 0.289452
40638.4 0.303011
40687 0.314169
40725.8 0.318245
40774.3 0.317437
40822.8 0.310763
40861.7 0.302007
40910.2 0.288135
40958.7 0.272775
40997.6 0.260785
41046.1 0.247899
41094.6 0.239164
41133.4 0.236313
41182 0.239058
41220.8 0.246882
41269.3 0.26407
41317.8 0.289398
41356.7 0.315111
41405.2 0.35312
41453.7 0.396184
41492.5 0.432994
41541.1 0.480144
41589.6 0.526442
41628.4 0.561353
41677 0.600564
41715.8 0.627238
41764.3 0.653461
41812.8 0.670813
41851.7 0.677948
41900.2 0.678443
41948.7 0.670093
41987.5 0.657735
42036.1 0.636416
42084.6 0.610252
42123.4 0.587182
42172 0.557437
42210.8 0.534208
42259.3 0.50749
42307.8 0.484876
42346.7 0.470597
42395.2 0.458211
42443.7 0.452202
42482.5 0.451884
42531.1 0.456562
42579.6 0.465885
42618.4 0.475745
42667 0.489689
42705.8 0.501035
42754.3 0.513963
42802.8 0.523947
42841.7 0.528843
42890.2 0.530156
42938.7 0.525449
42977.5 0.51714
43026.1 0.501193
43074.6 0.479597
43113.4 0.45888
43162 0.429726
43200.8 0.404699
43249.3 0.372593
43297.8 0.341032
43336.7 0.317165
43385.2 0.290134
43433.7 0.267155
43472.5 0.252157
43521.1 0.237919
43569.6 0.228655
43608.4 0.224573
43657 0.223053
43695.8 0.224117
43744.3 0.227355
43792.8 0.231559
43831.7 0.234763
43880.2 0.237531
43928.7 0.237871
43967.5 0.235742
44016.1 0.229434
44064.6 0.218577
44103.4 0.206413
44151.9 0.186809
44190.8 0.167702
44239.3 0.139823
44287.8 0.107971
44326.7 0.0800453
44375.2 0.0426661
44423.7 0.00322348
44462.5 -0.0293267
44511.1 -0.0706791
44559.6 -0.112187
44598.4 -0.145142
44646.9 -0.18565
44685.8 -0.217292
44734.3 -0.255683
44782.8 -0.292637
44821.7 -0.321108
44870.2 -0.355309
44918.7 -0.38797
44957.5 -0.412999
45006.1 -0.442907
45054.6 -0.47125
45093.4 -0.492738
45141.9 -0.517994
45180.8 -0.536786
45229.3 -0.558289
45277.8 -0.577298
45316.7 -0.590486
45365.2 -0.604165
45413.7 -0.614446
45452.5 -0.620056
45501.1 -0.623673
45549.6 -0.62348
45588.4 -0.620645
45636.9 -0.61395
45675.8 -0.606307
45724.3 -0.594316
45772.8 -0.580184
45811.7 -0.56779
45860.2 -0.551522
45908.7 -0.535019
45947.5 -0.522044
45996.1 -0.506494
46044.6 -0.491948
46083.4 -0.481086
46131.9 -0.468344
46170.8 -0.458584
46219.3 -0.446438
46267.8 -0.433646
46306.7 -0.422359
46355.2 -0.406157
46403.7 -0.386786
46442.5 -0.368472
46491.1 -0.341544
46539.6 -0.309814
46578.4 -0.280945
46626.9 -0.240776
46665.8 -0.205801
46714.3 -0.159404
46762.8 -0.111316
46801.7 -0.0727357
46850.2 -0.0259306
46898.7 0.0174611
46937.5 0.0483909
46986.1 0.080751
47034.6 0.104557
47073.4 0.116521
47121.9 0.121798
47160.8 0.117927
47209.3 0.102894
47257.8 0.0769119
47296.7 0.0488282
47345.2 0.00571693
47393.7 -0.0446812
47432.5 -0.0888838
47481.1 -0.147097
47529.6 -0.206378
47568.4 -0.252963
47616.9 -0.308207
47655.8 -0.348691
47704.3 -0.393106
47752.8 -0.429272
47791.6 -0.451559
47840.2 -0.470643
47888.7 -0.479951
47927.5 -0.48068
47976.1 -0.474031
48024.6 -0.460353
48063.4 -0.445597
48111.9 -0.424211
48150.8 -0.406225
48199.3 -0.384693
48247.8 -0.366426
48286.6 -0.355616
48335.2 -0.348369
48383.7 -0.349293
48422.5 -0.356395
48471.1 -0.373236
48519.6 -0.398244
48558.4 -0.423158
48606.9 -0.458634
48645.8 -0.488776
48694.3 -0.525988
48742.8 -0.559433
48781.6 -0.58108
48830.2 -0.598865
48878.7 -0.603484
48917.5 -0.596021
48966.1 -0.571302
49014.6 -0.528766
49053.4 -0.482056
49101.9 -0.408912
49140.8 -0.340028
49189.3 -0.243664
49237.8 -0.13965
49276.6 -0.0540109
49325.2 0.0519307
49373.7 0.151988
49412.5 0.224589
49461.1 0.302447
49509.6 0.362698
49548.4 0.39647
49596.9 0.419383
49635.8 0.422037
49684.3 0.406389
49732.8 0.371433
49771.6 0.331488
49820.2 0.269686
49868.7 0.198723
49907.5 0.138491
49956.1 0.0628797
50004.6 -0.00877743
50043.4 -0.0604112
50091.9 -0.114799
50130.8 -0.148389
50179.3 -0.176275
50227.8 -0.187507
50266.6 -0.184424
50315.2 -0.166191
50363.7 -0.133585
50402.5 -0.0987961
50451.1 -0.0470061
50499.6 0.0107263
50538.4 0.058651
50586.9 0.117473
50625.8 0.161289
50674.3 0.208999
50722.8 0.245878
50761.6 0.265752
50810.2 0.276779
50858.7 0.27111
50897.5 0.254041
50946.1 0.217021
50994.6 0.163233
51033.4 0.109044
51081.9 0.0290248
51120.8 -0.0432538
51169.3 -0.141471
51217.8 -0.245392
51256.6 -0.330318
51305.2 -0.435763
51353.7 -0.537207
51392.5 -0.613306
51441.1 -0.699664
51489.6 -0.773981
51528.4 -0.823448
51576.9 -0.871652
51615.8 -0.898839
51664.3 -0.918485
51712.8 -0.922668
51751.6 -0.9156
51800.2 -0.895093
51848.7 -0.863535
51887.5 -0.831932
51936.1 -0.786684
51984.6 -0.737588
52023.4 -0.69736
52071.9 -0.648054
52110.8 -0.610865
52159.3 -0.568923
52207.8 -0.533588
52246.6 -0.510918
52295.2 -0.490247
52343.7 -0.478393
52382.5 -0.475187
52431 -0.478578
52479.6 -0.489338
52518.4 -0.502436
52566.9 -0.523187
52605.8 -0.542267
52654.3 -0.567745
52702.8 -0.593362
52741.6 -0.61277
52790.2 -0.634271
52838.7 -0.651286
52877.5 -0.660775
52926 -0.666566
52974.6 -0.66485
53013.4 -0.657717
53061.9 -0.641418
53100.8 -0.622527
53149.3 -0.591925
53197.8 -0.554205
53236.6 -0.519548
53285.2 -0.471643
53333.7 -0.419972
53372.5 -0.376981
53421 -0.322584
53469.6 -0.269069
53508.4 -0.228048
53556.9 -0.18039
53595.8 -0.146101
53644.3 -0.109153
53692.8 -0.0797899
53731.6 -0.0623107
53780.2 -0.0484028
53828.7 -0.0434874
53867.5 -0.0459411
53916 -0.0566123
53964.6 -0.0750365
54003.4 -0.0946856
54051.9 -0.124355
54090.8 -0.151305
54139.3 -0.187736
54187.8 -0.225719
54226.6 -0.256123
54275.2 -0.292783
54323.7 -0.326483
54362.5 -0.350315
54411 -0.375051
54459.6 -0.393036
54498.4 -0.401858
54546.9 -0.405208
54585.8 -0.401338
54634.3 -0.387956
54682.8 -0.36492
54721.6 -0.339601
54770.2 -0.299665
54818.7 -0.251172
54857.5 -0.206885
54906 -0.145769
54954.6 -0.0797668
54993.4 -0.024716
55041.9 0.0451262
55080.8 0.100387
55129.3 0.166672
55177.8 0.227581
55216.6 0.270847
55265.2 0.31626
55313.7 0.350259
55352.5 0.368208
55401 0.378192
55449.6 0.373875
55488.4 0.360175
55536.9 0.33084
55575.8 0.298417
55624.3 0.24826
55672.8 0.189635
55711.6 0.138521
55760.2 0.0719896
55808.7 0.00561349
55847.5 -0.0451232
55896 -0.102865
55944.6 -0.151514
55983.4 -0.182134
56031.9 -0.208272
56070.8 -0.218523
56119.3 -0.217264
56167.8 -0.200204
56206.6 -0.175517
56255.2 -0.131879
56303.7 -0.0757789
56342.5 -0.0235437
56391 0.0485068
56439.6 0.125002
56478.4 0.187025
56526.9 0.262511
56565.7 0.318975
56614.3 0.381674
56662.8 0.432559
56701.6 0.462811
56750.2 0.485553
56798.7 0.48991
56837.5 0.479443
56886 0.448691
56934.6 0.398843
56973.4 0.346143
57021.9 0.266108
57060.7 0.192601
57109.3 0.0919046
57157.8 -0.0146797
57196.6 -0.101113
57245.2 -0.206574
57293.7 -0.304663
57332.5 -0.374703
57381 -0.448147
57429.6 -0.502525
57468.4 -0.530375
57516.9 -0.544027
57555.7 -0.537477
57604.3 -0.507638
57652.8 -0.455047
57691.6 -0.398253
57740.2 -0.31181
57788.7 -0.212309
57827.5 -0.126707
57876 -0.0168409
57924.6 0.0908745
57963.4 0.171718
58011.9 0.261679
58050.7 0.321846
58099.3 0.379032
58147.8 0.413521
58186.6 0.423591
58235.2 0.413845
58283.7 0.379973
58322.5 0.336766
58371 0.26511
58419.6 0.177468
58458.4 0.098894
58506.9 -0.00570741
58545.7 -0.0912709
58594.3 -0.196303
58642.8 -0.294759
58681.6 -0.365952
58730.2 -0.442576
58778.7 -0.503087
58817.5 -0.538832
58866 -0.567238
58914.6 -0.578027
58953.4 -0.574922
59001.9 -0.558249
59040.7 -0.536465
59089.3 -0.501459
59137.8 -0.461142
59176.6 -0.427487
59225.2 -0.386549
59273.7 -0.349729
59312.5 -0.324958
59361 -0.301455
59409.6 -0.287343
59448.4 -0.283121
59496.9 -0.286443
59535.7 -0.2954
59584.3 -0.313221
59632.8 -0.336589
59671.6 -0.357777
59720.2 -0.385384
59768.7 -0.412042
59807.5 -0.431217
59856 -0.450919
59904.6 -0.464514
59943.4 -0.470322
59991.9 -0.470849
60030.7 -0.465899
60079.3 -0.453411
60127.8 -0.434795
60166.6 -0.416341
60215.2 -0.390102
60263.7 -0.361881
60302.5 -0.339006
60351 -0.311379
60399.6 -0.28614
60438.4 -0.268455
60486.9 -0.250201
60525.7 -0.239013
60574.3 -0.229473
60622.8 -0.224752
60661.6 -0.224168
60710.2 -0.226877
60758.7 -0.232611
60797.5 -0.238721
60846 -0.247393
60894.6 -0.256254
60933.4 -0.262829
60981.9 -0.269684
61020.7 -0.273635
61069.3 -0.276201
61117.8 -0.275808
61156.6 -0.273255
61205.2 -0.267299
61253.7 -0.258482
61292.5 -0.249627
61341 -0.236754
61389.6 -0.22249
61428.4 -0.210581
61476.9 -0.195758
61515.7 -0.184484
61564.3 -0.171847
61612.8 -0.161608
61651.6 -0.155667
61700.1 -0.151644
61748.7 -0.151955
61787.5 -0.155629
61836 -0.164743
61884.6 -0.178959
61923.4 -0.193923
61971.9 -0.216811
62010.7 -0.238095
62059.3 -0.267718
62107.8 -0.299692
62146.6 -0.326102
62195.1 -0.35891
62243.7 -0.389979
62282.5 -0.412434
62331 -0.43605
62379.6 -0.453151
62418.4 -0.461091
62466.9 -0.462702
62505.7 -0.456663
62554.3 -0.439329
62602.8 -0.410821
62641.6 -0.380052
62690.1 -0.332163
62738.7 -0.274854
62777.5 -0.223302
62826 -0.153457
62874.6 -0.0798883
62913.4 -0.0201842
62961.9 0.0530555
63000.7 0.108673
63049.3 0.172022
63097.8 0.225973
63136.6 0.260751
63185.1 0.292114
63233.7 0.308734
63272.5 0.310902
63321 0.299652
63369.6 0.273505
63408.4 0.242755
63456.9 0.193696
63495.7 0.147527
63544.3 0.0836546
63592.8 0.0160045
63631.6 -0.0385169
63680.1 -0.104265
63728.7 -0.164259
63767.5 -0.206089
63816 -0.248516
63864.6 -0.278117
63903.4 -0.291628
63951.9 -0.295217
63990.7 -0.287428
64039.3 -0.264888
64087.8 -0.229295
64126.6 -0.192622
64175.1 -0.138413
64223.7 -0.0773084
64262.5 -0.0253185
64311 0.041166
64359.6 0.106715
64398.4 0.156717
64446.9 0.214194
64485.7 0.254889
64534.3 0.297768
64582.8 0.330644
64621.6 0.34922
64670.1 0.362513
64718.7 0.364871
64757.5 0.359207
64806 0.343386
64854.6 0.318903
64893.4 0.29399
64941.9 0.257485
64980.7 0.225024
65029.3 0.181822
65077.8 0.137324
65116.6 0.101931
65165.1 0.0592998
65213.7 0.0198248
65252.5 -0.00861433
65301 -0.0393385
65349.5 -0.0639425
65388.4 -0.0788524
65436.9 -0.0913159
65475.7 -0.0963758
65524.3 -0.0968419
65572.8 -0.0913773
65611.6 -0.0833169
65660.1 -0.0695398
65708.7 -0.0528128
65747.5 -0.0382104
65796 -0.019593
65844.5 -0.00183212
65883.4 0.0109118
65931.9 0.0240787
65970.7 0.0318267
66019.3 0.037441
66067.8 0.0381173
66106.6 0.0349699
66155.1 0.0264682
66203.7 0.0131476
66242.5 -0.000674262
66291 -0.0214059
66339.5 -0.0453279
66378.4 -0.0662647
66426.9 -0.0940549
66465.7 -0.11713
66514.2 -0.146461
66562.8 -0.175762
66601.6 -0.198817
66650.1 -0.226755
66698.7 -0.253319
66737.5 -0.27332
66786 -0.296441
66834.5 -0.317122
66873.4 -0.331643
66921.9 -0.346914
66960.7 -0.35655
67009.2 -0.364986
67057.8 -0.368994
67096.6 -0.368728
67145.1 -0.363754
67193.7 -0.353375
67232.5 -0.341085
67281 -0.320751
67329.5 -0.295074
67368.4 -0.270937
67416.9 -0.236749
67455.7 -0.206655
67504.2 -0.166372
67552.8 -0.124106
67591.6 -0.0896358
67640.1 -0.0467363
67688.7 -0.00517909
67727.5 0.026306
67776 0.0625346
67824.5 0.0943694
67863.4 0.11611
67911.9 0.138071
67950.7 0.151174
67999.2 0.161742
68047.8 0.165802
68086.6 0.164463
68135.1 0.157352
68183.7 0.144717
68222.5 0.131117
68271 0.110498
68319.5 0.0868236
68358.4 0.0664479
68406.9 0.0402044
68445.7 0.0193744
68494.2 -0.00539958
68542.8 -0.0276324
68581.6 -0.0428265
68630.1 -0.057737
68678.7 -0.0673428
68717.5 -0.0707943
68766 -0.0695139
68814.5 -0.0619462
68853.4 -0.0515014
68901.9 -0.0333757
68940.7 -0.0152986
68989.2 0.0109171
69037.8 0.0400034
69076.6 0.0644027
69125.1 0.0950528
69173.7 0.124435
69212.5 0.146016
69261 0.169411
69309.5 0.187687
69348.4 0.197952
69396.9 0.204744
69435.7 0.20509
69484.2 0.19909
69532.8 0.186171
69571.6 0.171221
69620.1 0.147462
69668.7 0.119065
69707.5 0.0938391
69756 0.0603077
69804.5 0.0258652
69843.4 -0.00140981
69891.9 -0.0340441
69930.7 -0.0582296
69979.2 -0.0851715
70027.8 -0.107647
70066.6 -0.121955
70115.1 -0.134858
70163.6 -0.141969
70202.5 -0.143422
70251 -0.139997
70299.5 -0.130927
70338.4 -0.119803
70386.9 -0.101377
70425.7 -0.0832874
70474.2 -0.0568863
70522.8 -0.02675
70561.6 -0.000315285
70610.1 0.0351479
70658.6 0.0727152
70697.5 0.103826
70746 0.143409
70794.5 0.182993
70833.4 0.214058
70881.9 0.25132
70920.7 0.279236
70969.2 0.310876
71017.8 0.337914
71056.6 0.355549
71105.1 0.371821
71153.6 0.38095
71192.5 0.382712
71241 0.377697
71289.5 0.364611
71328.4 0.348508
71376.9 0.321841
71415.7 0.295857
71464.2 0.258609
71512.8 0.217497
71551.6 0.183013
71600.1 0.139544
71648.6 0.0975638
71687.5 0.0664142
71736 0.032139
71784.5 0.00465592
71823.4 -0.0114638
71871.9 -0.0233695
71910.7 -0.0258791
71959.2 -0.0200646
72007.8 -0.00457239
72046.6 0.0142732
72095.1 0.0448419
72143.6 0.0816228
72182.5 0.114146
72231 0.156716
72279.5 0.199071
72318.4 0.231072
72366.9 0.266602
72405.7 0.289979
72454.2 0.311141
72502.8 0.321773
72541.6 0.321868
72590.1 0.3109
72638.6 0.287535
72677.5 0.260254
72726 0.216352
72774.5 0.163128
72813.4 0.115293
72861.9 0.0510979
72900.7 -0.0019842
72949.2 -0.0679328
72997.8 -0.130543
73036.6 -0.176211
73085.1 -0.225461
73133.6 -0.263807
73172.5 -0.285375
73221 -0.299897
73269.5 -0.300081
73308.4 -0.290003
73356.9 -0.265369
73395.7 -0.237011
73444.2 -0.192582
73492.8 -0.140719
73531.6 -0.0959697
73580.1 -0.0387923
73628.6 0.0165523
73667.5 0.0572679
73716 0.101161
73764.5 0.134881
73803.4 0.153207
73851.9 0.164262
73890.7 0.163337
73939.2 0.150255
73987.8 0.125019
74026.6 0.0973564
74075.1 0.0555878
74123.6 0.00868821
74162.5 -0.0302654
74211 -0.0778301
74259.5 -0.121003
74298.3 -0.150327
74346.9 -0.178334
74385.7 -0.192649
74434.2 -0.199498
74482.8 -0.193873
74521.6 -0.180833
74570.1 -0.155152
74618.6 -0.121221
74657.5 -0.0901132
74706 -0.0491357
74754.5 -0.00922661
74793.3 0.0194905
74841.9 0.0485293
74880.7 0.0644415
74929.2 0.0732537
74977.8 0.068395
75016.6 0.0542886
75065.1 0.0242509
75113.6 -0.0182376
75152.5 -0.0596536
75201 -0.118129
75249.5 -0.18065
75288.3 -0.230905
75336.9 -0.290593
75375.7 -0.333385
75424.2 -0.377704
75472.8 -0.409128
75511.6 -0.423564
75560.1 -0.427271
75608.6 -0.414966
75647.5 -0.394211
75696 -0.356246
75744.5 -0.30755
75783.3 -0.263207
75831.9 -0.204374
75870.7 -0.157198
75919.2 -0.101582
75967.8 -0.0532994
76006.6 -0.0222081
76055.1 0.00504207
76103.6 0.0177992
76142.5 0.0170707
76191 0.0027505
76239.5 -0.0252312
76278.3 -0.0559708
76326.9 -0.102331
76365.7 -0.143561
76414.2 -0.197022
76462.8 -0.248901
76501.6 -0.286674
76550.1 -0.326303
76598.6 -0.354793
76637.5 -0.368093
76686 -0.371739
76734.5 -0.360591
76773.3 -0.341346
76821.9 -0.305523
76860.7 -0.268762
76909.2 -0.214952
76957.8 -0.155366
76996.6 -0.105837
77045.1 -0.0445344
77093.6 0.0129523
77132.5 0.054132
77181 0.097406
77229.5 0.129686
77268.3 0.146667
77316.9 0.156281
77355.7 0.154693
77404.2 0.141678
77452.8 0.117629
77491.6 0.0916681
77540.1 0.0527108
77588.6 0.0089181
77627.5 -0.0277577
77676 -0.0733081
77724.5 -0.11599
77763.3 -0.146358
77811.9 -0.177692
77850.7 -0.196261
77899.2 -0.210085
77947.8 -0.212531
77986.6 -0.205944
78035.1 -0.187045
78083.6 -0.156809
78122.5 -0.125158
78171 -0.0775403
78219.5 -0.0227772
78258.3 0.0246607
78306.9 0.0863851
78345.7 0.136053
78394.2 0.196249
78442.8 0.251926
78481.6 0.291608
78530.1 0.333405
78578.6 0.365018
78617.5 0.382228
78666 0.393215
78714.5 0.392628
78753.3 0.384331
78801.9 0.365326
78840.7 0.344403
78889.2 0.313065
78937.8 0.278469
78976.6 0.250368
79025.1 0.21714
79073.6 0.188581
79112.5 0.170742
79161 0.156378
79209.5 0.152145
79248.3 0.15657
79296.9 0.171902
79335.7 0.191603
79384.2 0.22442
79432.7 0.264536
79471.6 0.300263
79520.1 0.347133
79568.6 0.39369
79607.5 0.428706
79656 0.467313
79704.5 0.497846
79743.3 0.51507
79791.9 0.526339
79830.7 0.526592
79879.2 0.515747
79927.7 0.492892
79966.6 0.466641
80015.1 0.425178
80063.6 0.375969
80102.4 0.332568
80151 0.27536
80199.5 0.217225
80238.3 0.171699
80286.9 0.117922
80325.7 0.0786541
80374.2 0.0356674
80422.7 0.000659898
80461.6 -0.0209918
80510.1 -0.0396869
80558.6 -0.0489568
80597.4 -0.0497096
80646 -0.0427173
80694.5 -0.0275686
80733.3 -0.0101682
80781.9 0.0173297
80820.7 0.0432331
80869.2 0.0795074
80917.7 0.118972
80956.6 0.152001
81005.1 0.194046
81053.6 0.235739
81092.4 0.267974
81141 0.305796
81189.5 0.339695
81228.3 0.363174
81276.9 0.387022
81315.7 0.401061
81364.2 0.411586
81412.7 0.413705
81451.6 0.409082
81500.1 0.39534
81548.6 0.373003
81587.4 0.34937
81636 0.313478
81684.5 0.27183
81723.3 0.235521
81771.9 0.188083
81810.7 0.149872
81859.2 0.103747
81907.7 0.0616436
81946.6 0.0323892
81995.1 0.00310506
82043.6 -0.016434
82082.4 -0.0241204
82131 -0.0230497
82179.5 -0.00979962
82218.3 0.00942169
82266.9 0.0435424
82305.7 0.078071
82354.2 0.128726
82402.7 0.185583
82441.6 0.233792
82490.1 0.295098
82538.6 0.354874
82577.4 0.399692
82626 0.449747
82674.5 0.491017
82713.3 0.516427
82761.9 0.537522
82800.7 0.54534
82849.2 0.543574
82897.7 0.529315
82936.6 0.509521
82985.1 0.475502
83033.6 0.432927
83072.4 0.394191
83121 0.341982
83169.5 0.287948
83208.3 0.245125
83256.8 0.194146
83295.7 0.156792
83344.2 0.116018
83392.7 0.0832871
83431.6 0.0636925
83480.1 0.0480733
83528.6 0.0426215
83567.4 0.0455413
83616 0.0579305
83664.5 0.0793284
83703.3 0.102256
83751.8 0.137157
83790.7 0.169222
83839.2 0.213264
83887.7 0.260307
83926.6 0.29909
83975.1 0.347759
84023.6 0.395308
84062.4 0.431628
84111 0.473812
84159.5 0.511337
84198.3 0.537292
84246.8 0.563877
84285.7 0.57997
84334.2 0.593101
84382.7 0.598085
84421.6 0.596074
84470.1 0.586122
84518.6 0.568244
84557.4 0.548678
84606 0.518473
84654.5 0.483104
84693.3 0.452167
84741.8 0.411757
84780.7 0.379324
84829.2 0.340487
84877.7 0.305612
84916.6 0.282009
84965.1 0.259525
85013.6 0.246382
85052.4 0.243442
85101 0.249863
85149.5 0.267655
85188.3 0.289781
85236.8 0.326404
85275.7 0.361842
85324.2 0.411989
85372.7 0.466191
85411.5 0.510509
85460.1 0.564514
85508.6 0.614109
85547.4 0.648673
85596 0.683372
85644.5 0.706756
85683.3 0.716389
85731.8 0.716547
85770.7 0.707228
85819.2 0.684477
85867.7 0.650854
85906.5 0.617589
85955.1 0.570286
86003.6 0.519413
86042.4 0.47823
86091 0.428699
86139.5 0.38391
86178.3 0.353064
86226.8 0.322207
86265.7 0.304362
86314.2 0.290923
86362.7 0.286978
86401.5 0.289946
86450.1 0.299904
86498.6 0.314795
86537.4 0.32862
86586 0.346144
86634.5 0.361633
86673.3 0.371076
86721.8 0.377712
86760.7 0.378125
86809.2 0.372029
86857.7 0.358696
86896.5 0.343344
86945.1 0.319481
86993.6 0.292226
87032.4 0.269509
87081 0.24204
87129.5 0.217884
87168.3 0.202455
87216.8 0.189592
87255.7 0.185271
87304.2 0.187909
87352.7 0.19943
87391.5 0.214517
87440.1 0.239437
87488.6 0.269071
87527.4 0.294389
87576 0.325531
87624.5 0.353184
87663.3 0.370734
87711.8 0.38462
87750.7 0.387839
87799.2 0.380566
87847.7 0.359877
87886.5 0.333595
87935.1 0.289239
87983.6 0.233645
88022.4 0.182687
88071 0.113449
88119.5 0.0413477
88158.3 -0.015849
88206.8 -0.0835073
88245.7 -0.13226
88294.2 -0.183683
88342.7 -0.221949
88381.5 -0.241694
88430.1 -0.251762
88478.6 -0.245307
88517.4 -0.228642
88566 -0.194694
88614.5 -0.148341
88653.3 -0.104337
88701.8 -0.0436491
88740.7 0.00703139
88789.2 0.0696691
88837.7 0.127813
88876.5 0.16859
88925.1 0.209629
88973.6 0.237139
89012.4 0.248078
89060.9 0.246957
89109.5 0.229149
89148.3 0.203275
89196.8 0.157598
89235.7 0.111738
89284.2 0.0451099
89332.7 -0.0287513
89371.5 -0.0905801
89420.1 -0.168042
89468.6 -0.242083
89507.4 -0.296361
89555.9 -0.355191
89604.5 -0.401336
89643.3 -0.427609
89691.8 -0.445884
89730.7 -0.448399
89779.2 -0.436484
89827.7 -0.408721
89866.5 -0.376255
89915.1 -0.324929
89963.6 -0.264554
90002.4 -0.212133
90050.9 -0.144714
90099.5 -0.0789342
90138.3 -0.0301384
90186.8 0.0229849
90225.7 0.0571641
90274.2 0.0872647
90322.7 0.101586
90361.5 0.100975
90410.1 0.0850347
90458.6 0.053015
90497.4 0.0169723
90545.9 -0.0389778
90594.5 -0.10401
90633.3 -0.160062
90681.8 -0.231744
90720.7 -0.287783
90769.2 -0.352792
90817.7 -0.408735
90856.5 -0.444809
90905.1 -0.476962
90953.6 -0.493208
90992.4 -0.494245
91040.9 -0.480762
91089.5 -0.451925
91128.3 -0.419113
91176.8 -0.368176
91215.7 -0.321498
91264.2 -0.258747
91312.7 -0.194596
91351.5 -0.144753
91400.1 -0.0871923
91448.6 -0.0377063
91487.4 -0.00557408
91535.9 0.0238069
91584.5 0.0402968
91623.3 0.0440528
91671.8 0.0373938
91710.7 0.0237137
91759.2 -0.00238814
91807.7 -0.0364848
91846.5 -0.0678924
91895.1 -0.110178
91943.6 -0.153485
91982.4 -0.187295
92030.9 -0.226796
92079.5 -0.261688
92118.3 -0.285456
92166.8 -0.309347
92205.7 -0.323603
92254.2 -0.335422
92302.7 -0.340992
92341.5 -0.341433
92390.1 -0.337744
92438.6 -0.330312
92477.4 -0.322386
92525.9 -0.310862
92574.5 -0.298401
92613.3 -0.288287
92661.8 -0.275996
92700.7 -0.266744
92749.2 -0.256202
92797.7 -0.247021
92836.5 -0.240772
92885.1 -0.234445
92933.6 -0.229903
92972.4 -0.227677
93020.9 -0.226851
93069.5 -0.228479
93108.3 -0.231785
93156.8 -0.238743
93195.6 -0.246807
93244.2 -0.260284
93292.7 -0.277752
93331.5 -0.294658
93380.1 -0.319363
93428.6 -0.347712
93467.4 -0.372617
93515.9 -0.405809
93564.5 -0.440264
93603.3 -0.467864
93651.8 -0.501195
93690.6 -0.525976
93739.2 -0.553339
93787.7 -0.57539
93826.5 -0.588409
93875.1 -0.598164
93923.6 -0.60022
93962.4 -0.59628
94010.9 -0.584741
94059.5 -0.566728
94098.3 -0.548594
94146.8 -0.522801
94185.6 -0.501007
94234.2 -0.474299
94282.7 -0.450482
94321.5 -0.435126
94370.1 -0.422399
94418.6 -0.418561
94457.4 -0.422791
94505.9 -0.437796
94554.5 -0.463586
94593.3 -0.491479
94641.8 -0.53414
94680.6 -0.573114
94729.2 -0.625493
94777.7 -0.678791
94816.5 -0.719592
94865.1 -0.765033
94913.6 -0.800732
94952.4 -0.819896
95000.9 -0.82956
95049.5 -0.821194
95088.3 -0.800541
95136.8 -0.756921
95175.6 -0.70818
95224.2 -0.63139
95272.7 -0.539613
95311.5 -0.457949
95360.1 -0.349476
95408.6 -0.23885
95447.4 -0.152622
95495.9 -0.0525591
95544.5 0.0336655
95583.3 0.0891968
95631.8 0.138074
95670.6 0.158572
95719.2 0.158974
95767.7 0.130444
95806.5 0.0870593
95855.1 0.00870204
95903.6 -0.0933925
95942.4 -0.189131
95990.9 -0.321683
96039.5 -0.462547
96078.3 -0.576567
96126.8 -0.714755
96165.6 -0.817461
96214.2 -0.930512
96262.7 -1.02112
96301.5 -1.07422
96350.1 -1.11343
96398.6 -1.12054
96437.4 -1.10275
96485.9 -1.05204
96534.5 -0.972132
96573.3 -0.889841
96621.8 -0.768411
96660.6 -0.660263
96709.2 -0.517081
96757.7 -0.37178
96796.5 -0.258926
96845.1 -0.128002
96893.6 -0.014349
96932.4 0.0603891
96980.9 0.129852
97029.5 0.169799
97068.3 0.17935
97116.8 0.163116
97155.6 0.128358
97204.2 0.0598694
97252.7 -0.0328247
97291.5 -0.121108
97340 -0.244284
97388.6 -0.375811
97427.4 -0.482634
97475.9 -0.612676
97524.5 -0.733063
97563.3 -0.818642
97611.8 -0.908187
97650.6 -0.963502
97699.2 -1.00998
97747.7 -1.02993
97786.5 -1.02665
97835 -0.999372
97883.6 -0.948431
97922.4 -0.892822
97970.9 -0.808217
98019.5 -0.711343
98058.3 -0.628546
98106.8 -0.523035
98145.6 -0.440426
98194.2 -0.34381
98242.7 -0.259017
98281.5 -0.202474
98330.1 -0.148692
98378.6 -0.115888
98417.4 -0.10568
98465.9 -0.113231
98514.5 -0.142659
98553.3 -0.180816
98601.8 -0.244589
98640.6 -0.306378
98689.2 -0.393764
98737.7 -0.488335
98776.5 -0.566063
98825.1 -0.661895
98873.6 -0.752061
98912.4 -0.817323
98960.9 -0.88727
99009.5 -0.941549
99048.3 -0.972223
99096.8 -0.993525
99135.6 -0.996656
99184.2 -0.983537
99232.7 -0.952703
99271.5 -0.916657
99320 -0.859675
99368.6 -0.792491
99407.4 -0.733832
99455.9 -0.65757
99504.5 -0.581598
99543.3 -0.523478
99591.8 -0.456909
99630.6 -0.410272
99679.2 -0.362109
99727.7 -0.326602
99766.5 -0.307825
99815 -0.296373
99863.6 -0.297559
99902.4 -0.306653
99950.9 -0.326519
99999.5 -0.353539
100038 -0.378472
100087 -0.411379
100126 -0.437333
100174 -0.467094
100223 -0.491726
100262 -0.50648
100310 -0.517621
100359 -0.519969
100397 -0.515419
100446 -0.502069
100494 -0.481118
100533 -0.459823
100582 -0.428985
100621 -0.402135
100669 -0.367514
100718 -0.333508
100757 -0.30792
100805 -0.279186
100854 -0.255089
100892 -0.239624
100941 -0.225292
100989 -0.216388
101028 -0.212841
101077 -0.212209
101116 -0.214114
101164 -0.218559
101213 -0.22421
101252 -0.228854
101300 -0.234001
101349 -0.237708
101387 -0.239285
101436 -0.239306
101484 -0.237165
101523 -0.234051
101572 -0.228757
101611 -0.223738
101659 -0.216992
101708 -0.210278
101747 -0.20529
101795 -0.199887
101844 -0.195653
101882 -0.193175
101931 -0.191153
101979 -0.190118
102018 -0.189778
102067 -0.189627
102106 -0.189474
102154 -0.188934
102203 -0.187763
102242 -0.186286
102290 -0.183797
102339 -0.180807
102377 -0.178313
102426 -0.175515
102474 -0.173655
102513 -0.173285
102562 -0.17474
102601 -0.17776
102649 -0.184144
102698 -0.193529
102737 -0.203089
102785 -0.217212
102834 -0.233033
102872 -0.246221
102921 -0.262318
102969 -0.276682
103008 -0.285957
103057 -0.293609
103096 -0.295805
103144 -0.292809
103193 -0.282832
103232 -0.269659
103280 -0.246886
103329 -0.217751
103367 -0.190618
103416 -0.153208
103464 -0.113645
103503 -0.0818315
103552 -0.043676
103591 -0.0157726
103639 0.0141642
103688 0.0370184
103726 0.0493017
103775 0.0564213
103824 0.0540627
103862 0.0454607
103911 0.0268992
103959 0.000768043
103998 -0.0245221
104047 -0.0600088
104086 -0.0901724
104134 -0.128227
104183 -0.164611
104222 -0.19111
104270 -0.219413
104319 -0.240918
104357 -0.252433
104406 -0.259076
104454 -0.256803
104493 -0.248623
104542 -0.230862
104581 -0.211148
104629 -0.180575
104678 -0.144699
104716 -0.113222
104765 -0.0717967
104814 -0.0296501
104852 0.00345579
104901 0.0427212
104949 0.0782442
104988 0.103069
105037 0.128645
105076 0.144158
105124 0.156765
105173 0.161415
105212 0.159273
105260 0.149343
105309 0.131705
105347 0.112481
105396 0.0828418
105444 0.0480915
105483 0.0175744
105532 -0.0225867
105571 -0.0552036
105619 -0.0949857
105668 -0.131854
105706 -0.157967
105755 -0.184875
105804 -0.203932
105842 -0.212642
105891 -0.214558
105939 -0.206021
105978 -0.191616
106027 -0.164499
106066 -0.136084
106114 -0.0933064
106163 -0.0441427
106202 -0.00165346
106250 0.0533771
106299 0.108138
106337 0.149999
106386 0.197774
106434 0.238342
106473 0.264275
106522 0.28724
106561 0.297394
106609 0.299388
106658 0.289591
106696 0.273721
106745 0.244901
106794 0.207765
106832 0.173544
106881 0.127258
106929 0.0796305
106968 0.0424574
107017 -0.000523995
107056 -0.0305023
107104 -0.060529
107153 -0.0805107
107192 -0.0883032
107240 -0.0870713
107289 -0.0733914
107327 -0.0536857
107376 -0.0188452
107424 0.0260065
107463 0.0678368
107512 0.125664
107551 0.17478
107599 0.237491
107648 0.299109
107686 0.345823
107735 0.398901
107784 0.44402
107822 0.473144
107871 0.499662
107919 0.514352
107958 0.517318
