-1.5 0
-1.4995 0
-1.499 0
-1.4985 0
-1.498 0
-1.4975 0
-1.497 0
-1.4965 0
-1.496 0
-1.4955 0
-1.495 0
-1.4945 0
-1.494 0
-1.4935 0
-1.493 0
-1.4925 0
-1.492 0
-1.4915 0
-1.491 0
-1.4905 0
-1.49 0
-1.4895 0
-1.489 0
-1.4885 0
-1.488 0
-1.4875 0
-1.487 0
-1.4865 0
-1.486 0
-1.4855 0
-1.485 0
-1.4845 0
-1.484 0
-1.4835 0
-1.483 0
-1.4825 0
-1.482 0
-1.4815 0
-1.481 0
-1.4805 0
-1.48 0
-1.4795 0
-1.479 0
-1.4785 0
-1.478 0
-1.4775 0
-1.477 0
-1.4765 0
-1.476 0
-1.4755 0
-1.475 0
-1.4745 0
-1.474 0
-1.4735 0
-1.473 0
-1.4725 0
-1.472 0
-1.4715 0
-1.471 0
-1.4705 0
-1.47 0
-1.4695 0
-1.469 0
-1.4685 0
-1.468 0
-1.4675 0
-1.467 0
-1.4665 0
-1.466 0
-1.4655 0
-1.465 0
-1.4645 0
-1.464 0
-1.4635 0
-1.463 0
-1.4625 0
-1.462 0
-1.4615 0
-1.461 0
-1.4605 0
-1.46 0
-1.4595 0
-1.459 0
-1.4585 0
-1.458 0
-1.4575 0
-1.457 0
-1.4565 0
-1.456 0
-1.4555 0
-1.455 0
-1.4545 0
-1.454 0
-1.4535 0
-1.453 0
-1.4525 0
-1.452 0
-1.4515 0
-1.451 0
-1.4505 0
-1.45 0
-1.4495 0
-1.449 0
-1.4485 0
-1.448 0
-1.4475 0
-1.447 0
-1.4465 0
-1.446 0
-1.4455 0
-1.445 0
-1.4445 0
-1.444 0
-1.4435 0
-1.443 0
-1.4425 0
-1.442 0
-1.4415 0
-1.441 0
-1.4405 0
-1.44 0
-1.4395 0
-1.439 0
-1.4385 0
-1.438 0
-1.4375 0
-1.437 0
-1.4365 0
-1.436 0
-1.4355 0
-1.435 0
-1.4345 0
-1.434 0
-1.4335 0
-1.433 0
-1.4325 0
-1.432 0
-1.4315 0
-1.431 0
-1.4305 0
-1.43 0
-1.4295 0
-1.429 0
-1.4285 0
-1.428 0
-1.4275 0
-1.427 0
-1.4265 0
-1.426 0
-1.4255 0
-1.425 0
-1.4245 0
-1.424 0
-1.4235 0
-1.423 0
-1.4225 0
-1.422 0
-1.4215 0
-1.421 0
-1.4205 0
-1.42 0
-1.4195 0
-1.419 0
-1.4185 0
-1.418 0
-1.4175 0
-1.417 0
-1.4165 0
-1.416 0
-1.4155 0
-1.415 0
-1.4145 0
-1.414 0
-1.4135 0
-1.413 0
-1.4125 0
-1.412 0
-1.4115 0
-1.411 0
-1.4105 0
-1.41 0
-1.4095 0
-1.409 0
-1.4085 0
-1.408 0
-1.4075 0
-1.407 0
-1.4065 0
-1.406 0
-1.4055 0
-1.405 0
-1.4045 0
-1.404 0
-1.4035 0
-1.403 0
-1.4025 0
-1.402 0
-1.4015 0
-1.401 0
-1.4005 0
-1.4 0
-1.3995 0
-1.399 0
-1.3985 0
-1.398 0
-1.3975 0
-1.397 0
-1.3965 0
-1.396 0
-1.3955 0
-1.395 0
-1.3945 0
-1.394 0
-1.3935 0
-1.393 0
-1.3925 0
-1.392 0
-1.3915 0
-1.391 0
-1.3905 0
-1.39 0
-1.3895 0
-1.389 0
-1.3885 0
-1.388 0
-1.3875 0
-1.387 0
-1.3865 0
-1.386 0
-1.3855 0
-1.385 0
-1.3845 0
-1.384 0
-1.3835 0
-1.383 0
-1.3825 0
-1.382 0
-1.3815 0
-1.381 0
-1.3805 0
-1.38 0
-1.3795 0
-1.379 0
-1.3785 0
-1.378 0
-1.3775 0
-1.377 0
-1.3765 0
-1.376 0
-1.3755 0
-1.375 0
-1.3745 0
-1.374 0
-1.3735 0
-1.373 0
-1.3725 0
-1.372 0
-1.3715 0
-1.371 0
-1.3705 0
-1.37 0
-1.3695 0
-1.369 0
-1.3685 0
-1.368 0
-1.3675 0
-1.367 0
-1.3665 0
-1.366 0
-1.3655 0
-1.365 0
-1.3645 0
-1.364 0
-1.3635 0
-1.363 0
-1.3625 0
-1.362 0
-1.3615 0
-1.361 0
-1.3605 0
-1.36 0
-1.3595 0
-1.359 0
-1.3585 0
-1.358 0
-1.3575 0
-1.357 0
-1.3565 0
-1.356 0
-1.3555 0
-1.355 0
-1.3545 0
-1.354 0
-1.3535 0
-1.353 0
-1.3525 0
-1.352 0
-1.3515 0
-1.351 0
-1.3505 0
-1.35 0
-1.3495 0
-1.349 0
-1.3485 0
-1.348 0
-1.3475 0
-1.347 0
-1.3465 0
-1.346 0
-1.3455 0
-1.345 0
-1.3445 0
-1.344 0
-1.3435 0
-1.343 0
-1.3425 0
-1.342 0
-1.3415 0
-1.341 0
-1.3405 0
-1.34 0
-1.3395 0
-1.339 0
-1.3385 0
-1.338 0
-1.3375 0
-1.337 0
-1.3365 0
-1.336 0
-1.3355 0
-1.335 0
-1.3345 0
-1.334 0
-1.3335 0
-1.333 0
-1.3325 0
-1.332 0
-1.3315 0
-1.331 0
-1.3305 0
-1.33 0
-1.3295 0
-1.329 0
-1.3285 0
-1.328 0
-1.3275 0
-1.327 0
-1.3265 0
-1.326 0
-1.3255 0
-1.325 0
-1.3245 0
-1.324 0
-1.3235 0
-1.323 0
-1.3225 0
-1.322 0
-1.3215 0
-1.321 0
-1.3205 0
-1.32 0
-1.3195 0
-1.319 0
-1.3185 0
-1.318 0
-1.3175 0
-1.317 0
-1.3165 0
-1.316 0
-1.3155 0
-1.315 0
-1.3145 0
-1.314 0
-1.3135 0
-1.313 0
-1.3125 0
-1.312 0
-1.3115 0
-1.311 0
-1.3105 0
-1.31 0
-1.3095 0
-1.309 0
-1.3085 0
-1.308 0
-1.3075 0
-1.307 0
-1.3065 0
-1.306 0
-1.3055 0
-1.305 0
-1.3045 0
-1.304 0
-1.3035 0
-1.303 0
-1.3025 0
-1.302 0
-1.3015 0
-1.301 0
-1.3005 0
-1.3 0
-1.2995 0
-1.299 0
-1.2985 0
-1.298 0
-1.2975 0
-1.297 0
-1.2965 0
-1.296 0
-1.2955 0
-1.295 0
-1.2945 0
-1.294 0
-1.2935 0
-1.293 0
-1.2925 0
-1.292 0
-1.2915 0
-1.291 0
-1.2905 0
-1.29 0
-1.2895 0
-1.289 0
-1.2885 0
-1.288 0
-1.2875 0
-1.287 0
-1.2865 0
-1.286 0
-1.2855 0
-1.285 0
-1.2845 0
-1.284 0
-1.2835 0
-1.283 0
-1.2825 0
-1.282 0
-1.2815 0
-1.281 0
-1.2805 0
-1.28 0
-1.2795 0
-1.279 0
-1.2785 0
-1.278 0
-1.2775 0
-1.277 0
-1.2765 0
-1.276 0
-1.2755 0
-1.275 0
-1.2745 0
-1.274 0
-1.2735 0
-1.273 0
-1.2725 0
-1.272 0
-1.2715 0
-1.271 0
-1.2705 0
-1.27 0
-1.2695 0
-1.269 0
-1.2685 0
-1.268 0
-1.2675 0
-1.267 0
-1.2665 0
-1.266 0
-1.2655 0
-1.265 0
-1.2645 0
-1.264 0
-1.2635 0
-1.263 0
-1.2625 0
-1.262 0
-1.2615 0
-1.261 0
-1.2605 0
-1.26 0
-1.2595 0
-1.259 0
-1.2585 0
-1.258 0
-1.2575 0
-1.257 0
-1.2565 0
-1.256 0
-1.2555 0
-1.255 0
-1.2545 0
-1.254 0
-1.2535 0
-1.253 0
-1.2525 0
-1.252 0
-1.2515 0
-1.251 0
-1.2505 0
-1.25 0
-1.2495 0
-1.249 0
-1.2485 0
-1.248 0
-1.2475 0
-1.247 0
-1.2465 0
-1.246 0
-1.2455 0
-1.245 0
-1.2445 0
-1.244 0
-1.2435 0
-1.243 0
-1.2425 0
-1.242 0
-1.2415 0
-1.241 0
-1.2405 0
-1.24 0
-1.2395 0
-1.239 0
-1.2385 0
-1.238 0
-1.2375 0
-1.237 0
-1.2365 0
-1.236 0
-1.2355 0
-1.235 0
-1.2345 0
-1.234 0
-1.2335 0
-1.233 0
-1.2325 0
-1.232 0
-1.2315 0
-1.231 0
-1.2305 0
-1.23 0
-1.2295 0
-1.229 0
-1.2285 0
-1.228 0
-1.2275 0
-1.227 0
-1.2265 0
-1.226 0
-1.2255 0
-1.225 0
-1.2245 0
-1.224 0
-1.2235 0
-1.223 0
-1.2225 0
-1.222 0
-1.2215 0
-1.221 0
-1.2205 0
-1.22 0
-1.2195 0
-1.219 0
-1.2185 0
-1.218 0
-1.2175 0
-1.217 0
-1.2165 0
-1.216 0
-1.2155 0
-1.215 0
-1.2145 0
-1.214 0
-1.2135 0
-1.213 0
-1.2125 0
-1.212 0
-1.2115 0
-1.211 0
-1.2105 0
-1.21 0
-1.2095 0
-1.209 0
-1.2085 0
-1.208 0
-1.2075 0
-1.207 0
-1.2065 0
-1.206 0
-1.2055 0
-1.205 0
-1.2045 0
-1.204 0
-1.2035 0
-1.203 0
-1.2025 0
-1.202 0
-1.2015 0
-1.201 0
-1.2005 0
-1.2 0
-1.1995 0
-1.199 0
-1.1985 0
-1.198 0
-1.1975 0
-1.197 0
-1.1965 0
-1.196 0
-1.1955 0
-1.195 0
-1.1945 0
-1.194 0
-1.1935 0
-1.193 0
-1.1925 0
-1.192 0
-1.1915 0
-1.191 0
-1.1905 0
-1.19 0
-1.1895 0
-1.189 0
-1.1885 0
-1.188 0
-1.1875 0
-1.187 0
-1.1865 0
-1.186 0
-1.1855 0
-1.185 0
-1.1845 0
-1.184 0
-1.1835 0
-1.183 0
-1.1825 0
-1.182 0
-1.1815 0
-1.181 0
-1.1805 0
-1.18 0
-1.1795 0
-1.179 0
-1.1785 0
-1.178 0
-1.1775 0
-1.177 0
-1.1765 0
-1.176 0
-1.1755 0
-1.175 0
-1.1745 0
-1.174 0
-1.1735 0
-1.173 0
-1.1725 0
-1.172 0
-1.1715 0
-1.171 0
-1.1705 0
-1.17 0
-1.1695 0
-1.169 0
-1.1685 0
-1.168 0
-1.1675 0
-1.167 0
-1.1665 0
-1.166 0
-1.1655 0
-1.165 0
-1.1645 0
-1.164 0
-1.1635 0
-1.163 0
-1.1625 0
-1.162 0
-1.1615 0
-1.161 0
-1.1605 0
-1.16 0
-1.1595 0
-1.159 0
-1.1585 0
-1.158 0
-1.1575 0
-1.157 0
-1.1565 0
-1.156 0
-1.1555 0
-1.155 0
-1.1545 0
-1.154 0
-1.1535 0
-1.153 0
-1.1525 0
-1.152 0
-1.1515 0
-1.151 0
-1.1505 0
-1.15 0
-1.1495 0
-1.149 0
-1.1485 0
-1.148 0
-1.1475 0
-1.147 0
-1.1465 0
-1.146 0
-1.1455 0
-1.145 0
-1.1445 0
-1.144 0
-1.1435 0
-1.143 0
-1.1425 0
-1.142 0
-1.1415 0
-1.141 0
-1.1405 0
-1.14 0
-1.1395 0
-1.139 0
-1.1385 0
-1.138 0
-1.1375 0
-1.137 0
-1.1365 0
-1.136 0
-1.1355 0
-1.135 0
-1.1345 0
-1.134 0
-1.1335 0
-1.133 0
-1.1325 0
-1.132 0
-1.1315 0
-1.131 0
-1.1305 0
-1.13 0
-1.1295 0
-1.129 0
-1.1285 0
-1.128 0
-1.1275 0
-1.127 0
-1.1265 0
-1.126 0
-1.1255 0
-1.125 0
-1.1245 0
-1.124 0
-1.1235 0
-1.123 0
-1.1225 0
-1.122 0
-1.1215 0
-1.121 0
-1.1205 0
-1.12 0
-1.1195 0
-1.119 0
-1.1185 0
-1.118 0
-1.1175 0
-1.117 0
-1.1165 0
-1.116 0
-1.1155 0
-1.115 0
-1.1145 0
-1.114 0
-1.1135 0
-1.113 0
-1.1125 0
-1.112 0
-1.1115 0
-1.111 0
-1.1105 0
-1.11 0
-1.1095 0
-1.109 0
-1.1085 0
-1.108 0
-1.1075 0
-1.107 0
-1.1065 0
-1.106 0
-1.1055 0
-1.105 0
-1.1045 0
-1.104 0
-1.1035 0
-1.103 0
-1.1025 0
-1.102 0
-1.1015 0
-1.101 0
-1.1005 0
-1.1 0
-1.0995 0
-1.099 0
-1.0985 0
-1.098 0
-1.0975 0
-1.097 0
-1.0965 0
-1.096 0
-1.0955 0
-1.095 0
-1.0945 0
-1.094 0
-1.0935 0
-1.093 0
-1.0925 0
-1.092 0
-1.0915 0
-1.091 0
-1.0905 0
-1.09 0
-1.0895 0
-1.089 0
-1.0885 0
-1.088 0
-1.0875 0
-1.087 0
-1.0865 0
-1.086 0
-1.0855 0
-1.085 0
-1.0845 0
-1.084 0
-1.0835 0
-1.083 0
-1.0825 0
-1.082 0
-1.0815 0
-1.081 0
-1.0805 0
-1.08 0
-1.0795 0
-1.079 0
-1.0785 0
-1.078 0
-1.0775 0
-1.077 0
-1.0765 0
-1.076 0
-1.0755 0
-1.075 0
-1.0745 0
-1.074 0
-1.0735 0
-1.073 0
-1.0725 0
-1.072 0
-1.0715 0
-1.071 0
-1.0705 0
-1.07 0
-1.0695 0
-1.069 0
-1.0685 0
-1.068 0
-1.0675 0
-1.067 0
-1.0665 0
-1.066 0
-1.0655 0
-1.065 0
-1.0645 0
-1.064 0
-1.0635 0
-1.063 0
-1.0625 0
-1.062 0
-1.0615 0
-1.061 0
-1.0605 0
-1.06 0
-1.0595 0
-1.059 0
-1.0585 0
-1.058 0
-1.0575 0
-1.057 0
-1.0565 0
-1.056 0
-1.0555 0
-1.055 0
-1.0545 0
-1.054 0
-1.0535 0
-1.053 0
-1.0525 0
-1.052 0
-1.0515 0
-1.051 0
-1.0505 0
-1.05 0
-1.0495 0
-1.049 0
-1.0485 0
-1.048 0
-1.0475 0
-1.047 0
-1.0465 0
-1.046 0
-1.0455 0
-1.045 0
-1.0445 0
-1.044 0
-1.0435 0
-1.043 0
-1.0425 0
-1.042 0
-1.0415 0
-1.041 0
-1.0405 0
-1.04 0
-1.0395 0
-1.039 0
-1.0385 0
-1.038 0
-1.0375 0
-1.037 0
-1.0365 0
-1.036 0
-1.0355 0
-1.035 0
-1.0345 0
-1.034 0
-1.0335 0
-1.033 0
-1.0325 0
-1.032 0
-1.0315 0
-1.031 0
-1.0305 0
-1.03 0
-1.0295 0
-1.029 0
-1.0285 0
-1.028 0
-1.0275 0
-1.027 0
-1.0265 0
-1.026 0
-1.0255 0
-1.025 0
-1.0245 0
-1.024 0
-1.0235 0
-1.023 0
-1.0225 0
-1.022 0
-1.0215 0
-1.021 0
-1.0205 0
-1.02 0
-1.0195 0
-1.019 0
-1.0185 0
-1.018 0
-1.0175 0
-1.017 0
-1.0165 0
-1.016 0
-1.0155 0
-1.015 0
-1.0145 0
-1.014 0
-1.0135 0
-1.013 0
-1.0125 0
-1.012 0
-1.0115 0
-1.011 0
-1.0105 0
-1.01 0
-1.0095 0
-1.009 0
-1.0085 0
-1.008 0
-1.0075 0
-1.007 0
-1.0065 0
-1.006 0
-1.0055 0
-1.005 0
-1.0045 0
-1.004 0
-1.0035 0
-1.003 0
-1.0025 0
-1.002 0
-1.0015 0
-1.001 0
-1.0005 0
-1 0
-0.9995 0
-0.999 0
-0.9985 0
-0.998 0
-0.9975 0
-0.997 0
-0.9965 0
-0.996 0
-0.9955 0
-0.995 0
-0.9945 0
-0.994 0
-0.9935 0
-0.993 0
-0.9925 0
-0.992 0
-0.9915 0
-0.991 0
-0.9905 0
-0.99 0
-0.9895 0
-0.989 0
-0.9885 0
-0.988 0
-0.9875 0
-0.987 0
-0.9865 0
-0.986 0
-0.9855 0
-0.985 0
-0.9845 0
-0.984 0
-0.9835 0
-0.983 0
-0.9825 0
-0.982 0
-0.9815 0
-0.981 0
-0.9805 0
-0.98 0
-0.9795 0
-0.979 0
-0.9785 0
-0.978 0
-0.9775 0
-0.977 0
-0.9765 0
-0.976 0
-0.9755 0
-0.975 0
-0.9745 0
-0.974 0
-0.9735 0
-0.973 0
-0.9725 0
-0.972 0
-0.9715 0
-0.971 0
-0.9705 0
-0.97 0
-0.9695 0
-0.969 0
-0.9685 0
-0.968 0
-0.9675 0
-0.967 0
-0.9665 0
-0.966 0
-0.9655 0
-0.965 0
-0.9645 0
-0.964 0
-0.9635 0
-0.963 0
-0.9625 0
-0.962 0
-0.9615 0
-0.961 0
-0.9605 0
-0.96 0
-0.9595 0
-0.959 0
-0.9585 0
-0.958 0
-0.9575 0
-0.957 0
-0.9565 0
-0.956 0
-0.9555 0
-0.955 0
-0.9545 0
-0.954 0
-0.9535 0
-0.953 0
-0.9525 0
-0.952 0
-0.9515 0
-0.951 0
-0.9505 0
-0.95 0
-0.9495 0
-0.949 0
-0.9485 0
-0.948 0
-0.9475 0
-0.947 0
-0.9465 0
-0.946 0
-0.9455 0
-0.945 0
-0.9445 0
-0.944 0
-0.9435 0
-0.943 0
-0.9425 0
-0.942 0
-0.9415 0
-0.941 0
-0.9405 0
-0.94 0
-0.9395 0
-0.939 0
-0.9385 0
-0.938 0
-0.9375 0
-0.937 0
-0.9365 0
-0.936 0
-0.9355 0
-0.935 0
-0.9345 0
-0.934 0
-0.9335 0
-0.933 0
-0.9325 0
-0.932 0
-0.9315 0
-0.931 0
-0.9305 0
-0.93 0
-0.9295 0
-0.929 0
-0.9285 0
-0.928 0
-0.9275 0
-0.927 0
-0.9265 0
-0.926 0
-0.9255 0
-0.925 0
-0.9245 0
-0.924 0
-0.9235 0
-0.923 0
-0.9225 0
-0.922 0
-0.9215 0
-0.921 0
-0.9205 0
-0.92 0
-0.9195 0
-0.919 0
-0.9185 0
-0.918 0
-0.9175 0
-0.917 0
-0.9165 0
-0.916 0
-0.9155 0
-0.915 0
-0.9145 0
-0.914 0
-0.9135 0
-0.913 0
-0.9125 0
-0.912 0
-0.9115 0
-0.911 0
-0.9105 0
-0.91 0
-0.9095 0
-0.909 0
-0.9085 0
-0.908 0
-0.9075 0
-0.907 0
-0.9065 0
-0.906 0
-0.9055 0
-0.905 0
-0.9045 0
-0.904 0
-0.9035 0
-0.903 0
-0.9025 0
-0.902 0
-0.9015 0
-0.901 0
-0.9005 0
-0.9 0
-0.8995 0
-0.899 0
-0.8985 0
-0.898 0
-0.8975 0
-0.897 0
-0.8965 0
-0.896 0
-0.8955 0
-0.895 0
-0.8945 0
-0.894 0
-0.8935 0
-0.893 0
-0.8925 0
-0.892 0
-0.8915 0
-0.891 0
-0.8905 0
-0.89 0
-0.8895 0
-0.889 0
-0.8885 0
-0.888 0
-0.8875 0
-0.887 0
-0.8865 0
-0.886 0
-0.8855 0
-0.885 0
-0.8845 0
-0.884 0
-0.8835 0
-0.883 0
-0.8825 0
-0.882 0
-0.8815 0
-0.881 0
-0.8805 0
-0.88 0
-0.8795 0
-0.879 0
-0.8785 0
-0.878 0
-0.8775 0
-0.877 0
-0.8765 0
-0.876 0
-0.8755 0
-0.875 0
-0.8745 0
-0.874 0
-0.8735 0
-0.873 0
-0.8725 0
-0.872 0
-0.8715 0
-0.871 0
-0.8705 0
-0.87 0
-0.8695 0
-0.869 0
-0.8685 0
-0.868 0
-0.8675 0
-0.867 0
-0.8665 0
-0.866 0
-0.8655 0
-0.865 0
-0.8645 0
-0.864 0
-0.8635 0
-0.863 0
-0.8625 0
-0.862 0
-0.8615 0
-0.861 0
-0.8605 0
-0.86 0
-0.8595 0
-0.859 0
-0.8585 0
-0.858 0
-0.8575 0
-0.857 0
-0.8565 0
-0.856 0
-0.8555 0
-0.855 0
-0.8545 0
-0.854 0
-0.8535 0
-0.853 0
-0.8525 0
-0.852 0
-0.8515 0
-0.851 0
-0.8505 0
-0.85 0
-0.8495 0
-0.849 0
-0.8485 0
-0.848 0
-0.8475 0
-0.847 0
-0.8465 0
-0.846 0
-0.8455 0
-0.845 0
-0.8445 0
-0.844 0
-0.8435 0
-0.843 0
-0.8425 0
-0.842 0
-0.8415 0
-0.841 0
-0.8405 0
-0.84 0
-0.8395 0
-0.839 0
-0.8385 0
-0.838 0
-0.8375 0
-0.837 0
-0.8365 0
-0.836 0
-0.8355 0
-0.835 0
-0.8345 0
-0.834 0
-0.8335 0
-0.833 0
-0.8325 0
-0.832 0
-0.8315 0
-0.831 0
-0.8305 0
-0.83 0
-0.8295 0
-0.829 0
-0.8285 0
-0.828 0
-0.8275 0
-0.827 0
-0.8265 0
-0.826 0
-0.8255 0
-0.825 0
-0.8245 0
-0.824 0
-0.8235 0
-0.823 0
-0.8225 0
-0.822 0
-0.8215 0
-0.821 0
-0.8205 0
-0.82 0
-0.8195 0
-0.819 0
-0.8185 0
-0.818 0
-0.8175 0
-0.817 0
-0.8165 0
-0.816 0
-0.8155 0
-0.815 0
-0.8145 0
-0.814 0
-0.8135 0
-0.813 0
-0.8125 0
-0.812 0
-0.8115 0
-0.811 0
-0.8105 0
-0.81 0
-0.8095 0
-0.809 0
-0.8085 0
-0.808 0
-0.8075 0
-0.807 0
-0.8065 0
-0.806 0
-0.8055 0
-0.805 0
-0.8045 0
-0.804 0
-0.8035 0
-0.803 0
-0.8025 0
-0.802 0
-0.8015 0
-0.801 0
-0.8005 0
-0.8 0
-0.7995 0
-0.799 0
-0.7985 0
-0.798 0
-0.7975 0
-0.797 0
-0.7965 0
-0.796 0
-0.7955 0
-0.795 0
-0.7945 0
-0.794 0
-0.7935 0
-0.793 0
-0.7925 0
-0.792 0
-0.7915 0
-0.791 0
-0.7905 0
-0.79 0
-0.7895 0
-0.789 0
-0.7885 0
-0.788 0
-0.7875 0
-0.787 0
-0.7865 0
-0.786 0
-0.7855 0
-0.785 0
-0.7845 0
-0.784 0
-0.7835 0
-0.783 0
-0.7825 0
-0.782 0
-0.7815 0
-0.781 0
-0.7805 0
-0.78 0
-0.7795 0
-0.779 0
-0.7785 0
-0.778 0
-0.7775 0
-0.777 0
-0.7765 0
-0.776 0
-0.7755 0
-0.775 0
-0.7745 0
-0.774 0
-0.7735 0
-0.773 0
-0.7725 0
-0.772 0
-0.7715 0
-0.771 0
-0.7705 0
-0.77 0
-0.7695 0
-0.769 0
-0.7685 0
-0.768 0
-0.7675 0
-0.767 0
-0.7665 0
-0.766 0
-0.7655 0
-0.765 0
-0.7645 0
-0.764 0
-0.7635 0
-0.763 0
-0.7625 0
-0.762 0
-0.7615 0
-0.761 0
-0.7605 0
-0.76 0
-0.7595 0
-0.759 0
-0.7585 0
-0.758 0
-0.7575 0
-0.757 0
-0.7565 0
-0.756 0
-0.7555 0
-0.755 0
-0.7545 0
-0.754 0
-0.7535 0
-0.753 0
-0.7525 0
-0.752 0
-0.7515 0
-0.751 0
-0.7505 0
-0.75 0
-0.7495 0
-0.749 0
-0.7485 0
-0.748 0
-0.7475 0
-0.747 0
-0.7465 0
-0.746 0
-0.7455 0
-0.745 0
-0.7445 0
-0.744 0
-0.7435 0
-0.743 0
-0.7425 0
-0.742 0
-0.7415 0
-0.741 0
-0.7405 0
-0.74 0
-0.7395 0
-0.739 0
-0.7385 0
-0.738 0
-0.7375 0
-0.737 0
-0.7365 0
-0.736 0
-0.7355 0
-0.735 0
-0.7345 0
-0.734 0
-0.7335 0
-0.733 0
-0.7325 0
-0.732 0
-0.7315 0
-0.731 0
-0.7305 0
-0.73 0
-0.7295 0
-0.729 0
-0.7285 0
-0.728 0
-0.7275 0
-0.727 0
-0.7265 0
-0.726 0
-0.7255 0
-0.725 0
-0.7245 0
-0.724 0
-0.7235 0
-0.723 0
-0.7225 0
-0.722 0
-0.7215 0
-0.721 0
-0.7205 0
-0.72 0
-0.7195 0
-0.719 0
-0.7185 0
-0.718 0
-0.7175 0
-0.717 0
-0.7165 0
-0.716 0
-0.7155 0
-0.715 0
-0.7145 0
-0.714 0
-0.7135 0
-0.713 0
-0.7125 0
-0.712 0
-0.7115 0
-0.711 0
-0.7105 0
-0.71 0
-0.7095 0
-0.709 0
-0.7085 0
-0.708 0
-0.7075 0
-0.707 0
-0.7065 0
-0.706 0
-0.7055 0
-0.705 0
-0.7045 0
-0.704 0
-0.7035 0
-0.703 0
-0.7025 0
-0.702 0
-0.7015 0
-0.701 0
-0.7005 0
-0.7 0
-0.6995 0
-0.699 0
-0.6985 0
-0.698 0
-0.6975 0
-0.697 0
-0.6965 0
-0.696 0
-0.6955 0
-0.695 0
-0.6945 0
-0.694 0
-0.6935 0
-0.693 0
-0.6925 0
-0.692 0
-0.6915 0
-0.691 0
-0.6905 0
-0.69 0
-0.6895 0
-0.689 0
-0.6885 0
-0.688 0
-0.6875 0
-0.687 0
-0.6865 0
-0.686 0
-0.6855 0
-0.685 0
-0.6845 0
-0.684 0
-0.6835 0
-0.683 0
-0.6825 0
-0.682 0
-0.6815 0
-0.681 0
-0.6805 0
-0.68 0
-0.6795 0
-0.679 0
-0.6785 0
-0.678 0
-0.6775 0
-0.677 0
-0.6765 0
-0.676 0
-0.6755 0
-0.675 0
-0.6745 0
-0.674 0
-0.6735 0
-0.673 0
-0.6725 0
-0.672 0
-0.6715 0
-0.671 0
-0.6705 0
-0.67 0
-0.6695 0
-0.669 0
-0.6685 0
-0.668 0
-0.6675 0
-0.667 0
-0.6665 0
-0.666 0
-0.6655 0
-0.665 0
-0.6645 0
-0.664 0
-0.6635 0
-0.663 0
-0.6625 0
-0.662 0
-0.6615 0
-0.661 0
-0.6605 0
-0.66 0
-0.6595 0
-0.659 0
-0.6585 0
-0.658 0
-0.6575 0
-0.657 0
-0.6565 0
-0.656 0
-0.6555 0
-0.655 0
-0.6545 0
-0.654 0
-0.6535 0
-0.653 0
-0.6525 0
-0.652 0
-0.6515 0
-0.651 0
-0.6505 0
-0.65 0
-0.6495 0
-0.649 0
-0.6485 0
-0.648 0
-0.6475 0
-0.647 0
-0.6465 0
-0.646 0
-0.6455 0
-0.645 0
-0.6445 0
-0.644 0
-0.6435 0
-0.643 0
-0.6425 0
-0.642 0
-0.6415 0
-0.641 0
-0.6405 0
-0.64 0
-0.6395 0
-0.639 0
-0.6385 0
-0.638 0
-0.6375 0
-0.637 0
-0.6365 0
-0.636 0
-0.6355 0
-0.635 0
-0.6345 0
-0.634 0
-0.6335 0
-0.633 0
-0.6325 0
-0.632 0
-0.6315 0
-0.631 0
-0.6305 0
-0.63 0
-0.6295 0
-0.629 0
-0.6285 0
-0.628 0
-0.6275 0
-0.627 0
-0.6265 0
-0.626 0
-0.6255 0
-0.625 0
-0.6245 0
-0.624 0
-0.6235 0
-0.623 0
-0.6225 0
-0.622 0
-0.6215 0
-0.621 0
-0.6205 0
-0.62 0
-0.6195 0
-0.619 0
-0.6185 0
-0.618 0
-0.6175 0
-0.617 0
-0.6165 0
-0.616 0
-0.6155 0
-0.615 0
-0.6145 0
-0.614 0
-0.6135 0
-0.613 0
-0.6125 0
-0.612 0
-0.6115 0
-0.611 0
-0.6105 0
-0.61 0
-0.6095 0
-0.609 0
-0.6085 0
-0.608 0
-0.6075 0
-0.607 0
-0.6065 0
-0.606 0
-0.6055 0
-0.605 0
-0.6045 0
-0.604 0
-0.6035 0
-0.603 0
-0.6025 0
-0.602 0
-0.6015 0
-0.601 0
-0.6005 0
-0.6 0
-0.5995 0
-0.599 0
-0.5985 0
-0.598 0
-0.5975 0
-0.597 0
-0.5965 0
-0.596 0
-0.5955 0
-0.595 0
-0.5945 0
-0.594 0
-0.5935 0
-0.593 0
-0.5925 0
-0.592 0
-0.5915 0
-0.591 0
-0.5905 0
-0.59 0
-0.5895 0
-0.589 0
-0.5885 0
-0.588 0
-0.5875 0
-0.587 0
-0.5865 0
-0.586 0
-0.5855 0
-0.585 0
-0.5845 0
-0.584 0
-0.5835 0
-0.583 0
-0.5825 0
-0.582 0
-0.5815 0
-0.581 0
-0.5805 0
-0.58 0
-0.5795 0
-0.579 0
-0.5785 0
-0.578 0
-0.5775 0
-0.577 0
-0.5765 0
-0.576 0
-0.5755 0
-0.575 0
-0.5745 0
-0.574 0
-0.5735 0
-0.573 0
-0.5725 0
-0.572 0
-0.5715 0
-0.571 0
-0.5705 0
-0.57 0
-0.5695 0
-0.569 0
-0.5685 0
-0.568 0
-0.5675 0
-0.567 0
-0.5665 0
-0.566 0
-0.5655 0
-0.565 0
-0.5645 0
-0.564 0
-0.5635 0
-0.563 0
-0.5625 0
-0.562 0
-0.5615 0
-0.561 0
-0.5605 0
-0.56 0
-0.5595 0
-0.559 0
-0.5585 0
-0.558 0
-0.5575 0
-0.557 0
-0.5565 0
-0.556 0
-0.5555 0
-0.555 0
-0.5545 0
-0.554 0
-0.5535 0
-0.553 0
-0.5525 0
-0.552 0
-0.5515 0
-0.551 0
-0.5505 0
-0.55 0
-0.5495 0
-0.549 0
-0.5485 0
-0.548 0
-0.5475 0
-0.547 0
-0.5465 0
-0.546 0
-0.5455 0
-0.545 0
-0.5445 0
-0.544 0
-0.5435 0
-0.543 0
-0.5425 0
-0.542 0
-0.5415 0
-0.541 0
-0.5405 0
-0.54 0
-0.5395 0
-0.539 0
-0.5385 0
-0.538 0
-0.5375 0
-0.537 0
-0.5365 0
-0.536 0
-0.5355 0
-0.535 0
-0.5345 0
-0.534 0
-0.5335 0
-0.533 0
-0.5325 0
-0.532 0
-0.5315 0
-0.531 0
-0.5305 0
-0.53 0
-0.5295 0
-0.529 0
-0.5285 0
-0.528 0
-0.5275 0
-0.527 0
-0.5265 0
-0.526 0
-0.5255 0
-0.525 0
-0.5245 0
-0.524 0
-0.5235 0
-0.523 0
-0.5225 0
-0.522 0
-0.5215 0
-0.521 0
-0.5205 0
-0.52 0
-0.5195 0
-0.519 0
-0.5185 0
-0.518 0
-0.5175 0
-0.517 0
-0.5165 0
-0.516 0
-0.5155 0
-0.515 0
-0.5145 0
-0.514 0
-0.5135 0
-0.513 0
-0.5125 0
-0.512 0
-0.5115 0
-0.511 0
-0.5105 0
-0.51 0
-0.5095 0
-0.509 0
-0.5085 0
-0.508 0
-0.5075 0
-0.507 0
-0.5065 0
-0.506 0
-0.5055 0
-0.505 0
-0.5045 0
-0.504 0
-0.5035 0
-0.503 0
-0.5025 0
-0.502 0
-0.5015 0
-0.501 0
-0.5005 0
-0.5 0
-0.4995 0
-0.499 0
-0.4985 0
-0.498 0
-0.4975 0
-0.497 0
-0.4965 0
-0.496 0
-0.4955 0
-0.495 0
-0.4945 0
-0.494 0
-0.4935 0
-0.493 0
-0.4925 0
-0.492 0
-0.4915 0
-0.491 0
-0.4905 0
-0.49 0
-0.4895 0
-0.489 0
-0.4885 0
-0.488 0
-0.4875 0
-0.487 0
-0.4865 0
-0.486 0
-0.4855 0
-0.485 0
-0.4845 0
-0.484 0
-0.4835 0
-0.483 0
-0.4825 0
-0.482 0
-0.4815 0
-0.481 0
-0.4805 0
-0.48 0
-0.4795 0
-0.479 0
-0.4785 0
-0.478 0
-0.4775 0
-0.477 0
-0.4765 0
-0.476 0
-0.4755 0
-0.475 0
-0.4745 0
-0.474 0
-0.4735 0
-0.473 0
-0.4725 0
-0.472 0
-0.4715 0
-0.471 0
-0.4705 0
-0.47 0
-0.4695 0
-0.469 0
-0.4685 0
-0.468 0
-0.4675 0
-0.467 0
-0.4665 0
-0.466 0
-0.4655 0
-0.465 0
-0.4645 0
-0.464 0
-0.4635 0
-0.463 0
-0.4625 0
-0.462 0
-0.4615 0
-0.461 0
-0.4605 0
-0.46 0
-0.4595 0
-0.459 0
-0.4585 0
-0.458 0
-0.4575 0
-0.457 0
-0.4565 0
-0.456 0
-0.4555 0
-0.455 0
-0.4545 0
-0.454 0
-0.4535 0
-0.453 0
-0.4525 0
-0.452 0
-0.4515 0
-0.451 0
-0.4505 0
-0.45 0
-0.4495 0
-0.449 0
-0.4485 0
-0.448 0
-0.4475 0
-0.447 0
-0.4465 0
-0.446 0
-0.4455 0
-0.445 0
-0.4445 0
-0.444 0
-0.4435 0
-0.443 0
-0.4425 0
-0.442 0
-0.4415 0
-0.441 0
-0.4405 0
-0.44 0
-0.4395 0
-0.439 0
-0.4385 0
-0.438 0
-0.4375 0
-0.437 0
-0.4365 0
-0.436 0
-0.4355 0
-0.435 0
-0.4345 0
-0.434 0
-0.4335 0
-0.433 0
-0.4325 0
-0.432 0
-0.4315 0
-0.431 0
-0.4305 0
-0.43 0
-0.4295 0
-0.429 0
-0.4285 0
-0.428 0
-0.4275 0
-0.427 0
-0.4265 0
-0.426 0
-0.4255 0
-0.425 0
-0.4245 0
-0.424 0
-0.4235 0
-0.423 0
-0.4225 0
-0.422 0
-0.4215 0
-0.421 0
-0.4205 0
-0.42 0
-0.4195 0
-0.419 0
-0.4185 0
-0.418 0
-0.4175 0
-0.417 0
-0.4165 0
-0.416 0
-0.4155 0
-0.415 0
-0.4145 0
-0.414 0
-0.4135 0
-0.413 0
-0.4125 0
-0.412 0
-0.4115 0
-0.411 0
-0.4105 0
-0.41 0
-0.4095 0
-0.409 0
-0.4085 0
-0.408 0
-0.4075 0
-0.407 0
-0.4065 0
-0.406 0
-0.4055 0
-0.405 0
-0.4045 0
-0.404 0
-0.4035 0
-0.403 0
-0.4025 0
-0.402 0
-0.4015 0
-0.401 0
-0.4005 0
-0.4 0
-0.3995 0
-0.399 0
-0.3985 0
-0.398 0
-0.3975 0
-0.397 0
-0.3965 0
-0.396 0
-0.3955 0
-0.395 0
-0.3945 0
-0.394 0
-0.3935 0
-0.393 0
-0.3925 0
-0.392 0
-0.3915 0
-0.391 0
-0.3905 0
-0.39 0
-0.3895 0
-0.389 0
-0.3885 0
-0.388 0
-0.3875 0
-0.387 0
-0.3865 0
-0.386 0
-0.3855 0
-0.385 0
-0.3845 0
-0.384 0
-0.3835 0
-0.383 0
-0.3825 0
-0.382 0
-0.3815 0
-0.381 0
-0.3805 0
-0.38 0
-0.3795 0
-0.379 0
-0.3785 0
-0.378 0
-0.3775 0
-0.377 0
-0.3765 0
-0.376 0
-0.3755 0
-0.375 0
-0.3745 0
-0.374 0
-0.3735 0
-0.373 0
-0.3725 0
-0.372 0
-0.3715 0
-0.371 0
-0.3705 0
-0.37 0
-0.3695 0
-0.369 0
-0.3685 0
-0.368 0
-0.3675 0
-0.367 0
-0.3665 0
-0.366 0
-0.3655 0
-0.365 0
-0.3645 0
-0.364 0
-0.3635 0
-0.363 0
-0.3625 0
-0.362 0
-0.3615 0
-0.361 0
-0.3605 0
-0.36 0
-0.3595 0
-0.359 0
-0.3585 0
-0.358 0
-0.3575 0
-0.357 0
-0.3565 0
-0.356 0
-0.3555 0
-0.355 0
-0.3545 0
-0.354 0
-0.3535 0
-0.353 0
-0.3525 0
-0.352 0
-0.3515 0
-0.351 0
-0.3505 0
-0.35 0
-0.3495 0
-0.349 0
-0.3485 0
-0.348 0
-0.3475 0
-0.347 0
-0.3465 0
-0.346 0
-0.3455 0
-0.345 0
-0.3445 0
-0.344 0
-0.3435 0
-0.343 0
-0.3425 0
-0.342 0
-0.3415 0
-0.341 0
-0.3405 0
-0.34 0
-0.3395 0
-0.339 0
-0.3385 0
-0.338 0
-0.3375 0
-0.337 0
-0.3365 0
-0.336 0
-0.3355 0
-0.335 0
-0.3345 0
-0.334 0
-0.3335 0
-0.333 0
-0.3325 0
-0.332 0
-0.3315 0
-0.331 0
-0.3305 0
-0.33 0
-0.3295 0
-0.329 0
-0.3285 0
-0.328 0
-0.3275 0
-0.327 0
-0.3265 0
-0.326 0
-0.3255 0
-0.325 0
-0.3245 0
-0.324 0
-0.3235 0
-0.323 0
-0.3225 0
-0.322 0
-0.3215 0
-0.321 0
-0.3205 0
-0.32 0
-0.3195 0
-0.319 0
-0.3185 0
-0.318 0
-0.3175 0
-0.317 0
-0.3165 0
-0.316 0
-0.3155 0
-0.315 0
-0.3145 0
-0.314 0
-0.3135 0
-0.313 0
-0.3125 0
-0.312 0
-0.3115 0
-0.311 0
-0.3105 0
-0.31 0
-0.3095 0
-0.309 0
-0.3085 0
-0.308 0
-0.3075 0
-0.307 0
-0.3065 0
-0.306 0
-0.3055 0
-0.305 0
-0.3045 0
-0.304 0
-0.3035 0
-0.303 0
-0.3025 0
-0.302 0
-0.3015 0
-0.301 0
-0.3005 0
-0.3 0
-0.2995 0
-0.299 0
-0.2985 0
-0.298 0
-0.2975 0
-0.297 0
-0.2965 0
-0.296 0
-0.2955 0
-0.295 0
-0.2945 0
-0.294 0
-0.2935 0
-0.293 0
-0.2925 0
-0.292 0
-0.2915 0
-0.291 0
-0.2905 0
-0.29 0
-0.2895 0
-0.289 0
-0.2885 0
-0.288 0
-0.2875 0
-0.287 0
-0.2865 0
-0.286 0
-0.2855 0
-0.285 0
-0.2845 0
-0.284 0
-0.2835 0
-0.283 0
-0.2825 0
-0.282 0
-0.2815 0
-0.281 0
-0.2805 0
-0.28 0
-0.2795 0
-0.279 0
-0.2785 0
-0.278 0
-0.2775 0
-0.277 0
-0.2765 0
-0.276 0
-0.2755 0
-0.275 0
-0.2745 0
-0.274 0
-0.2735 0
-0.273 0
-0.2725 0
-0.272 0
-0.2715 0
-0.271 0
-0.2705 0
-0.27 0
-0.2695 0
-0.269 0
-0.2685 0
-0.268 0
-0.2675 0
-0.267 0
-0.2665 0
-0.266 0
-0.2655 0
-0.265 0
-0.2645 0
-0.264 0
-0.2635 0
-0.263 0
-0.2625 0
-0.262 0
-0.2615 0
-0.261 0
-0.2605 0
-0.26 0
-0.2595 0
-0.259 0
-0.2585 0
-0.258 0
-0.2575 0
-0.257 0
-0.2565 0
-0.256 0
-0.2555 0
-0.255 0
-0.2545 0
-0.254 0
-0.2535 0
-0.253 0
-0.2525 0
-0.252 0
-0.2515 0
-0.251 0
-0.2505 0
-0.25 0
-0.2495 0
-0.249 0
-0.2485 0
-0.248 0
-0.2475 0
-0.247 0
-0.2465 0
-0.246 0
-0.2455 0
-0.245 0
-0.2445 0
-0.244 0
-0.2435 0
-0.243 0
-0.2425 0
-0.242 0
-0.2415 0
-0.241 0
-0.2405 0
-0.24 0
-0.2395 0
-0.239 0
-0.2385 0
-0.238 0
-0.2375 0
-0.237 0
-0.2365 0
-0.236 0
-0.2355 0
-0.235 0
-0.2345 0
-0.234 0
-0.2335 0
-0.233 0
-0.2325 0
-0.232 0
-0.2315 0
-0.231 0
-0.2305 0
-0.23 0
-0.2295 0
-0.229 0
-0.2285 0
-0.228 0
-0.2275 0
-0.227 0
-0.2265 0
-0.226 0
-0.2255 0
-0.225 0
-0.2245 0
-0.224 0
-0.2235 0
-0.223 0
-0.2225 0
-0.222 0
-0.2215 0
-0.221 0
-0.2205 0
-0.22 0
-0.2195 0
-0.219 0
-0.2185 0
-0.218 0
-0.2175 0
-0.217 0
-0.2165 0
-0.216 0
-0.2155 0
-0.215 0
-0.2145 0
-0.214 0
-0.2135 0
-0.213 0
-0.2125 0
-0.212 0
-0.2115 0
-0.211 0
-0.2105 0
-0.21 0
-0.2095 0
-0.209 0
-0.2085 0
-0.208 0
-0.2075 0
-0.207 0
-0.2065 0
-0.206 0
-0.2055 0
-0.205 0
-0.2045 0
-0.204 0
-0.2035 0
-0.203 0
-0.2025 0
-0.202 0
-0.2015 0
-0.201 0
-0.2005 0
-0.2 0
-0.1995 0
-0.199 0
-0.1985 0
-0.198 0
-0.1975 0
-0.197 0
-0.1965 0
-0.196 0
-0.1955 0
-0.195 0
-0.1945 0
-0.194 0
-0.1935 0
-0.193 0
-0.1925 0
-0.192 0
-0.1915 0
-0.191 0
-0.1905 0
-0.19 0
-0.1895 0
-0.189 0
-0.1885 0
-0.188 0
-0.1875 0
-0.187 0
-0.1865 0
-0.186 0
-0.1855 0
-0.185 0
-0.1845 0
-0.184 0
-0.1835 0
-0.183 0
-0.1825 0
-0.182 0
-0.1815 0
-0.181 0
-0.1805 0
-0.18 0
-0.1795 0
-0.179 0
-0.1785 0
-0.178 0
-0.1775 0
-0.177 0
-0.1765 0
-0.176 0
-0.1755 0
-0.175 0
-0.1745 0
-0.174 0
-0.1735 0
-0.173 0
-0.1725 0
-0.172 0
-0.1715 0
-0.171 0
-0.1705 0
-0.17 0
-0.1695 0
-0.169 0
-0.1685 0
-0.168 0
-0.1675 0
-0.167 0
-0.1665 0
-0.166 0
-0.1655 0
-0.165 0
-0.1645 0
-0.164 0
-0.1635 0
-0.163 0
-0.1625 0
-0.162 0
-0.1615 0
-0.161 0
-0.1605 0
-0.16 0
-0.1595 0
-0.159 0
-0.1585 0
-0.158 0
-0.1575 0
-0.157 0
-0.1565 0
-0.156 0
-0.1555 0
-0.155 0
-0.1545 0
-0.154 0
-0.1535 0
-0.153 0
-0.1525 0
-0.152 0
-0.1515 0
-0.151 0
-0.1505 0
-0.15 0
-0.1495 0
-0.149 0
-0.1485 0
-0.148 0
-0.1475 0
-0.147 0
-0.1465 0
-0.146 0
-0.1455 0
-0.145 0
-0.1445 0
-0.144 0
-0.1435 0
-0.143 0
-0.1425 0
-0.142 0
-0.1415 0
-0.141 0
-0.1405 0
-0.14 0
-0.1395 0
-0.139 0
-0.1385 0
-0.138 0
-0.1375 0
-0.137 0
-0.1365 0
-0.136 0
-0.1355 0
-0.135 0
-0.1345 0
-0.134 0
-0.1335 0
-0.133 0
-0.1325 0
-0.132 0
-0.1315 0
-0.131 0
-0.1305 0
-0.13 0
-0.1295 0
-0.129 0
-0.1285 0
-0.128 0
-0.1275 0
-0.127 0
-0.1265 0
-0.126 0
-0.1255 0
-0.125 0
-0.1245 0
-0.124 0
-0.1235 0
-0.123 0
-0.1225 0
-0.122 0
-0.1215 0
-0.121 0
-0.1205 0
-0.12 0
-0.1195 0
-0.119 0
-0.1185 0
-0.118 0
-0.1175 0
-0.117 0
-0.1165 0
-0.116 0
-0.1155 0
-0.115 0
-0.1145 0
-0.114 0
-0.1135 0
-0.113 0
-0.1125 0
-0.112 0
-0.1115 0
-0.111 0
-0.1105 0
-0.11 0
-0.1095 0
-0.109 0
-0.1085 0
-0.108 0
-0.1075 0
-0.107 0
-0.1065 0
-0.106 0
-0.1055 0
-0.105 0
-0.1045 0
-0.104 0
-0.1035 0
-0.103 0
-0.1025 0
-0.102 0
-0.1015 0
-0.101 0
-0.1005 0
-0.1 0
-0.0995 0
-0.099 0
-0.0985 0
-0.098 0
-0.0975 0
-0.097 0
-0.0965 0
-0.096 0
-0.0955 0
-0.095 0
-0.0945 0
-0.094 0
-0.0935 0
-0.093 0
-0.0925 0
-0.092 0
-0.0915 0
-0.091 0
-0.0905 0
-0.09 0
-0.0895 0
-0.089 0
-0.0885 0
-0.088 0
-0.0875 0
-0.087 0
-0.0865 0
-0.086 0
-0.0855 0
-0.085 0
-0.0845 0
-0.084 0
-0.0835 0
-0.083 0
-0.0825 0
-0.082 0
-0.0815 0
-0.081 0
-0.0805 0
-0.08 0
-0.0795 0
-0.079 0
-0.0785 0
-0.078 0
-0.0775 0
-0.077 0
-0.0765 0
-0.076 0
-0.0755 0
-0.075 0
-0.0745 0
-0.074 0
-0.0735 0
-0.073 0
-0.0725 0
-0.072 0
-0.0715 0
-0.071 0
-0.0705 0
-0.07 0
-0.0695 0
-0.069 0
-0.0685 0
-0.068 0
-0.0675 0
-0.067 0
-0.0665 0
-0.066 0
-0.0655 0
-0.065 0
-0.0645 0
-0.064 0
-0.0635 0
-0.063 0
-0.0625 0
-0.062 0
-0.0615 0
-0.061 0
-0.0605 0
-0.06 0
-0.0595 0
-0.059 0
-0.0585 0
-0.058 0
-0.0575 0
-0.057 0
-0.0565 0
-0.056 0
-0.0555 0
-0.055 0
-0.0545 0
-0.054 0
-0.0535 0
-0.053 0
-0.0525 0
-0.052 0
-0.0515 0
-0.051 0
-0.0505 0
-0.05 0
-0.0495 0
-0.049 0
-0.0485 0
-0.048 0
-0.0475 0
-0.047 0
-0.0465 0
-0.046 0
-0.0455 0
-0.045 0
-0.0445 0
-0.044 0
-0.0435 0
-0.043 0
-0.0425 0
-0.042 0
-0.0415 0
-0.041 0
-0.0405 0
-0.04 0
-0.0395 0
-0.039 0
-0.0385 0
-0.038 0
-0.0375 0
-0.037 0
-0.0365 0
-0.036 0
-0.0355 0
-0.035 0
-0.0345 0
-0.034 0
-0.0335 0
-0.033 0
-0.0325 0
-0.032 0
-0.0315 0
-0.031 0
-0.0305 0
-0.03 0
-0.0295 0
-0.029 0
-0.0285 0
-0.028 0
-0.0275 0
-0.027 0
-0.0265 0
-0.026 0
-0.0255 0
-0.025 0
-0.0245 0
-0.024 0
-0.0235 0
-0.023 0
-0.0225 0
-0.022 0
-0.0215 0
-0.021 0
-0.0205 0
-0.02 0
-0.0195 0
-0.019 0
-0.0185 0
-0.018 0
-0.0175 0
-0.017 0
-0.0165 0
-0.016 0
-0.0155 0
-0.015 0
-0.0145 0
-0.014 0
-0.0135 0
-0.013 0
-0.0125 0
-0.012 0
-0.0115 0
-0.011 0
-0.0105 0
-0.01 0
-0.0095 0
-0.009 0
-0.0085 0
-0.008 0
-0.0075 0
-0.007 0
-0.0065 0
-0.006 0
-0.0055 -4e-05
-0.005 -0.0001
-0.0045 -0.00017
-0.004 -0.00026
-0.0035 -0.00034
-0.003 -0.0004
-0.0025 -0.00045
-0.002 -0.00046
-0.0015 -0.00043
-0.001 -0.00035
-0.0005 -0.00021
0 0
0.0005 0.00028
0.001 0.00064
0.0015 0.00105
0.002 0.00151
0.0025 0.00201
0.003 0.00254
0.0035 0.0031
0.004 0.00367
0.0045 0.00425
0.005 0.00482
0.0055 0.00539
0.006 0.00594
0.0065 0.00646
0.007 0.00698
0.0075 0.0075
0.008 0.00803
0.0085 0.00856
0.009 0.00909
0.0095 0.00963
0.01 0.01017
0.0105 0.01072
0.011 0.01127
0.0115 0.01183
0.012 0.01239
0.0125 0.01297
0.013 0.01354
0.0135 0.01411
0.014 0.01468
0.0145 0.01525
0.015 0.01582
0.0155 0.0164
0.016 0.017
0.0165 0.0176
0.017 0.01823
0.0175 0.01887
0.018 0.01954
0.0185 0.02023
0.019 0.02095
0.0195 0.02169
0.02 0.02246
0.0205 0.02325
0.021 0.02405
0.0215 0.02487
0.022 0.02571
0.0225 0.02656
0.023 0.02743
0.0235 0.0283
0.024 0.02919
0.0245 0.03008
0.025 0.03098
0.0255 0.03188
0.026 0.03278
0.0265 0.03368
0.027 0.03458
0.0275 0.0355
0.028 0.03644
0.0285 0.03739
0.029 0.03836
0.0295 0.03936
0.03 0.04038
0.0305 0.04144
0.031 0.04254
0.0315 0.04368
0.032 0.04484
0.0325 0.04603
0.033 0.04726
0.0335 0.0485
0.034 0.04978
0.0345 0.05108
0.035 0.05241
0.0355 0.05376
0.036 0.05513
0.0365 0.05653
0.037 0.05795
0.0375 0.05939
0.038 0.06086
0.0385 0.06236
0.039 0.06389
0.0395 0.06545
0.04 0.06703
0.0405 0.06863
0.041 0.07025
0.0415 0.07189
0.042 0.07355
0.0425 0.07523
0.043 0.07691
0.0435 0.07861
0.044 0.08031
0.0445 0.08201
0.045 0.08372
0.0455 0.08542
0.046 0.08714
0.0465 0.08888
0.047 0.09064
0.0475 0.09243
0.048 0.09426
0.0485 0.09613
0.049 0.09805
0.0495 0.10002
0.05 0.10205
0.0505 0.10414
0.051 0.1063
0.0515 0.10851
0.052 0.11077
0.0525 0.11307
0.053 0.11541
0.0535 0.11777
0.054 0.12016
0.0545 0.12256
0.055 0.12497
0.0555 0.12739
0.056 0.1298
0.0565 0.13221
0.057 0.13462
0.0575 0.13703
0.058 0.13946
0.0585 0.14191
0.059 0.14436
0.0595 0.14683
0.06 0.14932
0.0605 0.15183
0.061 0.15436
0.0615 0.15691
0.062 0.15949
0.0625 0.16209
0.063 0.16472
0.0635 0.16737
0.064 0.17004
0.0645 0.17273
0.065 0.17544
0.0655 0.17817
0.066 0.18092
0.0665 0.18369
0.067 0.18648
0.0675 0.18929
0.068 0.19211
0.0685 0.19495
0.069 0.1978
0.0695 0.20069
0.07 0.20359
0.0705 0.20653
0.071 0.20948
0.0715 0.21244
0.072 0.21543
0.0725 0.21842
0.073 0.22142
0.0735 0.22443
0.074 0.22744
0.0745 0.23045
0.075 0.23346
0.0755 0.23647
0.076 0.23949
0.0765 0.24251
0.077 0.24554
0.0775 0.24857
0.078 0.25161
0.0785 0.25466
0.079 0.25772
0.0795 0.26078
0.08 0.26386
0.0805 0.26694
0.081 0.27003
0.0815 0.27313
0.082 0.27624
0.0825 0.27937
0.083 0.28251
0.0835 0.28566
0.084 0.28882
0.0845 0.29198
0.085 0.29514
0.0855 0.29831
0.086 0.30148
0.0865 0.30465
0.087 0.30781
0.0875 0.31097
0.088 0.31412
0.0885 0.31728
0.089 0.32043
0.0895 0.32359
0.09 0.32674
0.0905 0.3299
0.091 0.33306
0.0915 0.33621
0.092 0.33937
0.0925 0.34253
0.093 0.34569
0.0935 0.34885
0.094 0.35201
0.0945 0.35517
0.095 0.35834
0.0955 0.36151
0.096 0.36468
0.0965 0.36785
0.097 0.37102
0.0975 0.37418
0.098 0.37735
0.0985 0.3805
0.099 0.38366
0.0995 0.3868
0.1 0.38993
0.1005 0.39306
0.101 0.39618
0.1015 0.39929
0.102 0.4024
0.1025 0.4055
0.103 0.4086
0.1035 0.41169
0.104 0.41478
0.1045 0.41787
0.105 0.42095
0.1055 0.42403
0.106 0.42711
0.1065 0.43019
0.107 0.43326
0.1075 0.43633
0.108 0.4394
0.1085 0.44247
0.109 0.44553
0.1095 0.44859
0.11 0.45165
0.1105 0.4547
0.111 0.45775
0.1115 0.46079
0.112 0.46382
0.1125 0.46685
0.113 0.46988
0.1135 0.4729
0.114 0.47592
0.1145 0.47893
0.115 0.48194
0.1155 0.48495
0.116 0.48795
0.1165 0.49094
0.117 0.49392
0.1175 0.4969
0.118 0.49986
0.1185 0.50282
0.119 0.50577
0.1195 0.5087
0.12 0.51163
0.1205 0.51454
0.121 0.51745
0.1215 0.52035
0.122 0.52324
0.1225 0.52612
0.123 0.52901
0.1235 0.53188
0.124 0.53476
0.1245 0.53763
0.125 0.5405
0.1255 0.54337
0.126 0.54624
0.1265 0.54911
0.127 0.55197
0.1275 0.55483
0.128 0.55769
0.1285 0.56054
0.129 0.56338
0.1295 0.56622
0.13 0.56904
0.1305 0.57185
0.131 0.57465
0.1315 0.57744
0.132 0.58022
0.1325 0.58299
0.133 0.58575
0.1335 0.5885
0.134 0.59124
0.1345 0.59397
0.135 0.59669
0.1355 0.59941
0.136 0.60212
0.1365 0.60482
0.137 0.60752
0.1375 0.61021
0.138 0.61289
0.1385 0.61556
0.139 0.61823
0.1395 0.62088
0.14 0.62353
0.1405 0.62617
0.141 0.62881
0.1415 0.63144
0.142 0.63407
0.1425 0.63669
0.143 0.6393
0.1435 0.64192
0.144 0.64453
0.1445 0.64714
0.145 0.64975
0.1455 0.65237
0.146 0.65497
0.1465 0.65758
0.147 0.66017
0.1475 0.66276
0.148 0.66533
0.1485 0.66789
0.149 0.67044
0.1495 0.67297
0.15 0.67547
0.1505 0.67796
0.151 0.68043
0.1515 0.68288
0.152 0.68532
0.1525 0.68774
0.153 0.69015
0.1535 0.69255
0.154 0.69494
0.1545 0.69733
0.155 0.69971
0.1555 0.70209
0.156 0.70447
0.1565 0.70685
0.157 0.70922
0.1575 0.7116
0.158 0.71397
0.1585 0.71633
0.159 0.71868
0.1595 0.72103
0.16 0.72338
0.1605 0.72571
0.161 0.72804
0.1615 0.73036
0.162 0.73266
0.1625 0.73496
0.163 0.73725
0.1635 0.73953
0.164 0.74181
0.1645 0.74408
0.165 0.74634
0.1655 0.74859
0.166 0.75083
0.1665 0.75306
0.167 0.75527
0.1675 0.75748
0.168 0.75967
0.1685 0.76185
0.169 0.76401
0.1695 0.76616
0.17 0.76829
0.1705 0.7704
0.171 0.77251
0.1715 0.7746
0.172 0.77668
0.1725 0.77875
0.173 0.78081
0.1735 0.78287
0.174 0.78493
0.1745 0.78698
0.175 0.78903
0.1755 0.79107
0.176 0.79312
0.1765 0.79517
0.177 0.79721
0.1775 0.79924
0.178 0.80127
0.1785 0.80329
0.179 0.80529
0.1795 0.80729
0.18 0.80927
0.1805 0.81124
0.181 0.81319
0.1815 0.81512
0.182 0.81703
0.1825 0.81893
0.183 0.82082
0.1835 0.8227
0.184 0.82456
0.1845 0.82641
0.185 0.82825
0.1855 0.83008
0.186 0.83189
0.1865 0.8337
0.187 0.8355
0.1875 0.8373
0.188 0.83908
0.1885 0.84085
0.189 0.84261
0.1895 0.84436
0.19 0.84609
0.1905 0.84782
0.191 0.84954
0.1915 0.85125
0.192 0.85296
0.1925 0.85466
0.193 0.85635
0.1935 0.85804
0.194 0.85973
0.1945 0.86142
0.195 0.86311
0.1955 0.86479
0.196 0.86647
0.1965 0.86815
0.197 0.86981
0.1975 0.87146
0.198 0.8731
0.1985 0.87471
0.199 0.87631
0.1995 0.87789
0.2 0.87944
0.2005 0.88096
0.201 0.88246
0.2015 0.88393
0.202 0.88539
0.2025 0.88683
0.203 0.88825
0.2035 0.88966
0.204 0.89106
0.2045 0.89245
0.205 0.89383
0.2055 0.89522
0.206 0.8966
0.2065 0.89798
0.207 0.89936
0.2075 0.90074
0.208 0.9021
0.2085 0.90347
0.209 0.90482
0.2095 0.90617
0.21 0.90751
0.2105 0.90884
0.211 0.91015
0.2115 0.91146
0.212 0.91275
0.2125 0.91403
0.213 0.9153
0.2135 0.91656
0.214 0.91781
0.2145 0.91906
0.215 0.92029
0.2155 0.92151
0.216 0.92272
0.2165 0.92391
0.217 0.92509
0.2175 0.92626
0.218 0.92741
0.2185 0.92854
0.219 0.92965
0.2195 0.93075
0.22 0.93182
0.2205 0.93288
0.221 0.93392
0.2215 0.93494
0.222 0.93596
0.2225 0.93696
0.223 0.93796
0.2235 0.93895
0.224 0.93993
0.2245 0.94091
0.225 0.94188
0.2255 0.94286
0.226 0.94383
0.2265 0.94481
0.227 0.94577
0.2275 0.94673
0.228 0.94768
0.2285 0.94862
0.229 0.94955
0.2295 0.95046
0.23 0.95136
0.2305 0.95223
0.231 0.95309
0.2315 0.95393
0.232 0.95475
0.2325 0.95555
0.233 0.95634
0.2335 0.95711
0.234 0.95786
0.2345 0.95861
0.235 0.95933
0.2355 0.96005
0.236 0.96076
0.2365 0.96145
0.237 0.96214
0.2375 0.96281
0.238 0.96348
0.2385 0.96413
0.239 0.96477
0.2395 0.9654
0.24 0.96601
0.2405 0.96661
0.241 0.96721
0.2415 0.96779
0.242 0.96837
0.2425 0.96894
0.243 0.96951
0.2435 0.97006
0.244 0.97062
0.2445 0.97118
0.245 0.97174
0.2455 0.97229
0.246 0.97284
0.2465 0.97338
0.247 0.97391
0.2475 0.97442
0.248 0.97492
0.2485 0.9754
0.249 0.97585
0.2495 0.97629
0.25 0.97669
0.2505 0.97706
0.251 0.97741
0.2515 0.97773
0.252 0.97803
0.2525 0.97831
0.253 0.97857
0.2535 0.97882
0.254 0.97905
0.2545 0.97928
0.255 0.9795
0.2555 0.97972
0.256 0.97994
0.2565 0.98016
0.257 0.98038
0.2575 0.98059
0.258 0.98079
0.2585 0.98099
0.259 0.98118
0.2595 0.98136
0.26 0.98153
0.2605 0.98169
0.261 0.98184
0.2615 0.98198
0.262 0.9821
0.2625 0.98221
0.263 0.98231
0.2635 0.98239
0.264 0.98247
0.2645 0.98254
0.265 0.9826
0.2655 0.98264
0.266 0.98267
0.2665 0.98269
0.267 0.98269
0.2675 0.98268
0.268 0.98265
0.2685 0.9826
0.269 0.98253
0.2695 0.98244
0.27 0.98233
0.2705 0.9822
0.271 0.98206
0.2715 0.9819
0.272 0.98173
0.2725 0.98154
0.273 0.98135
0.2735 0.98115
0.274 0.98094
0.2745 0.98073
0.275 0.98052
0.2755 0.98031
0.276 0.9801
0.2765 0.97988
0.277 0.97966
0.2775 0.97942
0.278 0.97918
0.2785 0.97893
0.279 0.97867
0.2795 0.97839
0.28 0.9781
0.2805 0.97778
0.281 0.97745
0.2815 0.9771
0.282 0.97672
0.2825 0.97633
0.283 0.97592
0.2835 0.97549
0.284 0.97505
0.2845 0.9746
0.285 0.97413
0.2855 0.97365
0.286 0.97316
0.2865 0.97266
0.287 0.97215
0.2875 0.97163
0.288 0.9711
0.2885 0.97056
0.289 0.97
0.2895 0.96943
0.29 0.96885
0.2905 0.96826
0.291 0.96765
0.2915 0.96704
0.292 0.96642
0.2925 0.9658
0.293 0.96517
0.2935 0.96453
0.294 0.96389
0.2945 0.96325
0.295 0.96261
0.2955 0.96197
0.296 0.96132
0.2965 0.96066
0.297 0.95999
0.2975 0.95931
0.298 0.95861
0.2985 0.95789
0.299 0.95715
0.2995 0.95639
0.3 0.9556
0.3005 0.95478
0.301 0.95393
0.3015 0.95305
0.302 0.95216
0.3025 0.95125
0.303 0.95031
0.3035 0.94937
0.304 0.94842
0.3045 0.94745
0.305 0.94648
0.3055 0.94551
0.306 0.94454
0.3065 0.94357
0.307 0.94259
0.3075 0.94162
0.308 0.94063
0.3085 0.93964
0.309 0.93864
0.3095 0.93763
0.31 0.93662
0.3105 0.93559
0.311 0.93455
0.3115 0.9335
0.312 0.93244
0.3125 0.93136
0.313 0.93027
0.3135 0.92918
0.314 0.92807
0.3145 0.92695
0.315 0.92583
0.3155 0.92469
0.316 0.92354
0.3165 0.92237
0.317 0.92119
0.3175 0.92
0.318 0.91879
0.3185 0.91756
0.319 0.91632
0.3195 0.91506
0.32 0.91377
0.3205 0.91247
0.321 0.91116
0.3215 0.90983
0.322 0.90849
0.3225 0.90714
0.323 0.90578
0.3235 0.90441
0.324 0.90304
0.3245 0.90166
0.325 0.90029
0.3255 0.89891
0.326 0.89753
0.3265 0.89615
0.327 0.89476
0.3275 0.89337
0.328 0.89196
0.3285 0.89055
0.329 0.88913
0.3295 0.88769
0.33 0.88623
0.3305 0.88476
0.331 0.88328
0.3315 0.88177
0.332 0.88024
0.3325 0.8787
0.333 0.87715
0.3335 0.87558
0.334 0.87399
0.3345 0.87239
0.335 0.87078
0.3355 0.86916
0.336 0.86753
0.3365 0.8659
0.337 0.86425
0.3375 0.86259
0.338 0.86093
0.3385 0.85925
0.339 0.85757
0.3395 0.85587
0.34 0.85416
0.3405 0.85244
0.341 0.85071
0.3415 0.84898
0.342 0.84724
0.3425 0.84549
0.343 0.84373
0.3435 0.84198
0.344 0.84022
0.3445 0.83845
0.345 0.83669
0.3455 0.83493
0.346 0.83316
0.3465 0.83138
0.347 0.8296
0.3475 0.8278
0.348 0.82599
0.3485 0.82416
0.349 0.82231
0.3495 0.82044
0.35 0.81855
0.3505 0.81664
0.351 0.8147
0.3515 0.81274
0.352 0.81076
0.3525 0.80876
0.353 0.80675
0.3535 0.80473
0.354 0.8027
0.3545 0.80066
0.355 0.79862
0.3555 0.79657
0.356 0.79453
0.3565 0.79249
0.357 0.79044
0.3575 0.78839
0.358 0.78634
0.3585 0.78428
0.359 0.78221
0.3595 0.78014
0.36 0.77806
0.3605 0.77597
0.361 0.77387
0.3615 0.77176
0.362 0.76964
0.3625 0.76751
0.363 0.76537
0.3635 0.76322
0.364 0.76107
0.3645 0.7589
0.365 0.75673
0.3655 0.75455
0.366 0.75235
0.3665 0.75015
0.367 0.74793
0.3675 0.74571
0.368 0.74347
0.3685 0.74122
0.369 0.73895
0.3695 0.73667
0.37 0.73437
0.3705 0.73206
0.371 0.72973
0.3715 0.7274
0.372 0.72505
0.3725 0.7227
0.373 0.72034
0.3735 0.71797
0.374 0.71561
0.3745 0.71323
0.375 0.71086
0.3755 0.70849
0.376 0.70611
0.3765 0.70374
0.377 0.70135
0.3775 0.69897
0.378 0.69657
0.3785 0.69417
0.379 0.69176
0.3795 0.68934
0.38 0.68691
0.3805 0.68446
0.381 0.682
0.3815 0.67953
0.382 0.67704
0.3825 0.67454
0.383 0.67203
0.3835 0.6695
0.384 0.66697
0.3845 0.66442
0.385 0.66187
0.3855 0.65931
0.386 0.65674
0.3865 0.65416
0.387 0.65158
0.3875 0.64899
0.388 0.6464
0.3885 0.6438
0.389 0.64119
0.3895 0.63857
0.39 0.63594
0.3905 0.6333
0.391 0.63066
0.3915 0.62802
0.392 0.62536
0.3925 0.62271
0.393 0.62005
0.3935 0.61738
0.394 0.61472
0.3945 0.61205
0.395 0.60938
0.3955 0.60671
0.396 0.60404
0.3965 0.60136
0.397 0.59868
0.3975 0.59598
0.398 0.59328
0.3985 0.59056
0.399 0.58783
0.3995 0.58509
0.4 0.58232
0.4005 0.57955
0.401 0.57675
0.4015 0.57394
0.402 0.57112
0.4025 0.56828
0.403 0.56543
0.4035 0.56258
0.404 0.55972
0.4045 0.55685
0.405 0.55399
0.4055 0.55112
0.406 0.54825
0.4065 0.54538
0.407 0.54251
0.4075 0.53964
0.408 0.53676
0.4085 0.53389
0.409 0.531
0.4095 0.52811
0.41 0.52522
0.4105 0.52232
0.411 0.51942
0.4115 0.51651
0.412 0.51359
0.4125 0.51066
0.413 0.50773
0.4135 0.50479
0.414 0.50184
0.4145 0.49889
0.415 0.49593
0.4155 0.49297
0.416 0.49
0.4165 0.48702
0.417 0.48404
0.4175 0.48105
0.418 0.47805
0.4185 0.47504
0.419 0.47203
0.4195 0.469
0.42 0.46597
0.4205 0.46292
0.421 0.45987
0.4215 0.45681
0.422 0.45374
0.4225 0.45067
0.423 0.4476
0.4235 0.44452
0.424 0.44144
0.4245 0.43835
0.425 0.43527
0.4255 0.43219
0.426 0.4291
0.4265 0.42602
0.427 0.42293
0.4275 0.41984
0.428 0.41674
0.4285 0.41364
0.429 0.41053
0.4295 0.40742
0.43 0.4043
0.4305 0.40118
0.431 0.39804
0.4315 0.3949
0.432 0.39175
0.4325 0.38859
0.433 0.38542
0.4335 0.38225
0.434 0.37907
0.4345 0.37588
0.435 0.37269
0.4355 0.3695
0.436 0.3663
0.4365 0.36309
0.437 0.35989
0.4375 0.35668
0.438 0.35347
0.4385 0.35026
0.439 0.34704
0.4395 0.34381
0.44 0.34058
0.4405 0.33735
0.441 0.33411
0.4415 0.33087
0.442 0.32763
0.4425 0.32439
0.443 0.32114
0.4435 0.31789
0.444 0.31464
0.4445 0.31139
0.445 0.30814
0.4455 0.30489
0.446 0.30164
0.4465 0.29838
0.447 0.29512
0.4475 0.29185
0.448 0.28858
0.4485 0.2853
0.449 0.28202
0.4495 0.27873
0.45 0.27544
0.4505 0.27213
0.451 0.26882
0.4515 0.2655
0.452 0.26217
0.4525 0.25884
0.453 0.25551
0.4535 0.25216
0.454 0.24882
0.4545 0.24548
0.455 0.24213
0.4555 0.23878
0.456 0.23544
0.4565 0.23209
0.457 0.22875
0.4575 0.2254
0.458 0.22206
0.4585 0.21871
0.459 0.21536
0.4595 0.212
0.46 0.20865
0.4605 0.20529
0.461 0.20193
0.4615 0.19857
0.462 0.19521
0.4625 0.19184
0.463 0.18847
0.4635 0.18509
0.464 0.18172
0.4645 0.17834
0.465 0.17496
0.4655 0.17157
0.466 0.16819
0.4665 0.1648
0.467 0.16141
0.4675 0.15802
0.468 0.15462
0.4685 0.15123
0.469 0.14783
0.4695 0.14443
0.47 0.14102
0.4705 0.13761
0.471 0.1342
0.4715 0.13079
0.472 0.12738
0.4725 0.12396
0.473 0.12054
0.4735 0.11713
0.474 0.11371
0.4745 0.11029
0.475 0.10687
0.4755 0.10346
0.476 0.10004
0.4765 0.09662
0.477 0.0932
0.4775 0.08978
0.478 0.08635
0.4785 0.08293
0.479 0.07951
0.4795 0.07608
0.48 0.07266
0.4805 0.06923
0.481 0.0658
0.4815 0.06237
0.482 0.05894
0.4825 0.05551
0.483 0.05207
0.4835 0.04863
0.484 0.0452
0.4845 0.04176
0.485 0.03832
0.4855 0.03488
0.486 0.03144
0.4865 0.028
0.487 0.02456
0.4875 0.02112
0.488 0.01769
0.4885 0.01425
0.489 0.01081
0.4895 0.00737
0.49 0.00394
0.4905 0.0005
0.491 -0.00294
0.4915 -0.00638
0.492 -0.00981
0.4925 -0.01325
0.493 -0.01669
0.4935 -0.02013
0.494 -0.02357
0.4945 -0.02701
0.495 -0.03045
0.4955 -0.03389
0.496 -0.03733
0.4965 -0.04077
0.497 -0.04421
0.4975 -0.04765
0.498 -0.05109
0.4985 -0.05452
0.499 -0.05796
0.4995 -0.06139
0.5 -0.06482
0.5005 -0.06825
0.501 -0.07168
0.5015 -0.07511
0.502 -0.07853
0.5025 -0.08196
0.503 -0.08538
0.5035 -0.0888
0.504 -0.09222
0.5045 -0.09564
0.505 -0.09906
0.5055 -0.10248
0.506 -0.10589
0.5065 -0.10931
0.507 -0.11272
0.5075 -0.11614
0.508 -0.11955
0.5085 -0.12296
0.509 -0.12637
0.5095 -0.12978
0.51 -0.13319
0.5105 -0.1366
0.511 -0.14001
0.5115 -0.14341
0.512 -0.14681
0.5125 -0.15021
0.513 -0.15361
0.5135 -0.15701
0.514 -0.16041
0.5145 -0.16381
0.515 -0.1672
0.5155 -0.1706
0.516 -0.17399
0.5165 -0.17738
0.517 -0.18076
0.5175 -0.18414
0.518 -0.18752
0.5185 -0.1909
0.519 -0.19427
0.5195 -0.19763
0.52 -0.20099
0.5205 -0.20435
0.521 -0.20771
0.5215 -0.21106
0.522 -0.21441
0.5225 -0.21775
0.523 -0.2211
0.5235 -0.22444
0.524 -0.22778
0.5245 -0.23112
0.525 -0.23446
0.5255 -0.2378
0.526 -0.24114
0.5265 -0.24447
0.527 -0.24781
0.5275 -0.25115
0.528 -0.25448
0.5285 -0.25781
0.529 -0.26114
0.5295 -0.26446
0.53 -0.26778
0.5305 -0.27109
0.531 -0.2744
0.5315 -0.2777
0.532 -0.281
0.5325 -0.28429
0.533 -0.28758
0.5335 -0.29086
0.534 -0.29414
0.5345 -0.29741
0.535 -0.30068
0.5355 -0.30395
0.536 -0.30722
0.5365 -0.31047
0.537 -0.31373
0.5375 -0.31698
0.538 -0.32023
0.5385 -0.32347
0.539 -0.32671
0.5395 -0.32995
0.54 -0.33317
0.5405 -0.3364
0.541 -0.33962
0.5415 -0.34284
0.542 -0.34606
0.5425 -0.34928
0.543 -0.35249
0.5435 -0.3557
0.544 -0.35891
0.5445 -0.36212
0.545 -0.36533
0.5455 -0.36854
0.546 -0.37175
0.5465 -0.37496
0.547 -0.37816
0.5475 -0.38136
0.548 -0.38455
0.5485 -0.38773
0.549 -0.39091
0.5495 -0.39407
0.55 -0.39722
0.5505 -0.40036
0.551 -0.40349
0.5515 -0.4066
0.552 -0.40971
0.5525 -0.41281
0.553 -0.41591
0.5535 -0.419
0.554 -0.42208
0.5545 -0.42516
0.555 -0.42823
0.5555 -0.43131
0.556 -0.43438
0.5565 -0.43746
0.557 -0.44053
0.5575 -0.4436
0.558 -0.44666
0.5585 -0.44973
0.559 -0.45278
0.5595 -0.45584
0.56 -0.45889
0.5605 -0.46194
0.561 -0.46497
0.5615 -0.46801
0.562 -0.47104
0.5625 -0.47406
0.563 -0.47707
0.5635 -0.48009
0.564 -0.48309
0.5645 -0.4861
0.565 -0.4891
0.5655 -0.49209
0.566 -0.49508
0.5665 -0.49806
0.567 -0.50103
0.5675 -0.50399
0.568 -0.50694
0.5685 -0.50989
0.569 -0.51282
0.5695 -0.51574
0.57 -0.51865
0.5705 -0.52155
0.571 -0.52444
0.5715 -0.52733
0.572 -0.53021
0.5725 -0.53308
0.573 -0.53595
0.5735 -0.53881
0.574 -0.54167
0.5745 -0.54452
0.575 -0.54738
0.5755 -0.55024
0.576 -0.55309
0.5765 -0.55594
0.577 -0.55879
0.5775 -0.56164
0.578 -0.56448
0.5785 -0.56731
0.579 -0.57014
0.5795 -0.57296
0.58 -0.57577
0.5805 -0.57856
0.581 -0.58135
0.5815 -0.58412
0.582 -0.58688
0.5825 -0.58963
0.583 -0.59238
0.5835 -0.59511
0.584 -0.59783
0.5845 -0.60055
0.585 -0.60325
0.5855 -0.60595
0.586 -0.60865
0.5865 -0.61133
0.587 -0.61401
0.5875 -0.61668
0.588 -0.61935
0.5885 -0.622
0.589 -0.62465
0.5895 -0.62729
0.59 -0.62992
0.5905 -0.63254
0.591 -0.63516
0.5915 -0.63777
0.592 -0.64038
0.5925 -0.64298
0.593 -0.64558
0.5935 -0.64817
0.594 -0.65077
0.5945 -0.65336
0.595 -0.65595
0.5955 -0.65855
0.596 -0.66114
0.5965 -0.66372
0.597 -0.6663
0.5975 -0.66886
0.598 -0.67142
0.5985 -0.67396
0.599 -0.67649
0.5995 -0.67899
0.6 -0.68148
0.6005 -0.68395
0.601 -0.6864
0.6015 -0.68883
0.602 -0.69124
0.6025 -0.69365
0.603 -0.69604
0.6035 -0.69842
0.604 -0.70079
0.6045 -0.70315
0.605 -0.70551
0.6055 -0.70787
0.606 -0.71023
0.6065 -0.71259
0.607 -0.71494
0.6075 -0.71729
0.608 -0.71964
0.6085 -0.72198
0.609 -0.72432
0.6095 -0.72665
0.61 -0.72897
0.6105 -0.73128
0.611 -0.73358
0.6115 -0.73588
0.612 -0.73816
0.6125 -0.74044
0.613 -0.74271
0.6135 -0.74497
0.614 -0.74722
0.6145 -0.74946
0.615 -0.7517
0.6155 -0.75393
0.616 -0.75615
0.6165 -0.75836
0.617 -0.76055
0.6175 -0.76273
0.618 -0.7649
0.6185 -0.76706
0.619 -0.76919
0.6195 -0.77132
0.62 -0.77342
0.6205 -0.77551
0.621 -0.77759
0.6215 -0.77966
0.622 -0.78172
0.6225 -0.78376
0.623 -0.7858
0.6235 -0.78784
0.624 -0.78987
0.6245 -0.79189
0.625 -0.79392
0.6255 -0.79594
0.626 -0.79797
0.6265 -0.79999
0.627 -0.802
0.6275 -0.80401
0.628 -0.80602
0.6285 -0.80801
0.629 -0.80999
0.6295 -0.81196
0.63 -0.81392
0.6305 -0.81586
0.631 -0.81778
0.6315 -0.81969
0.632 -0.82158
0.6325 -0.82346
0.633 -0.82532
0.6335 -0.82717
0.634 -0.82901
0.6345 -0.83083
0.635 -0.83264
0.6355 -0.83445
0.636 -0.83624
0.6365 -0.83802
0.637 -0.8398
0.6375 -0.84157
0.638 -0.84332
0.6385 -0.84507
0.639 -0.8468
0.6395 -0.84852
0.64 -0.85024
0.6405 -0.85194
0.641 -0.85363
0.6415 -0.85532
0.642 -0.857
0.6425 -0.85867
0.643 -0.86034
0.6435 -0.862
0.644 -0.86366
0.6445 -0.86532
0.645 -0.86699
0.6455 -0.86865
0.646 -0.8703
0.6465 -0.87195
0.647 -0.87359
0.6475 -0.87521
0.648 -0.87682
0.6485 -0.87841
0.649 -0.87999
0.6495 -0.88153
0.65 -0.88306
0.6505 -0.88455
0.651 -0.88603
0.6515 -0.88748
0.652 -0.8889
0.6525 -0.89032
0.653 -0.89171
0.6535 -0.8931
0.654 -0.89447
0.6545 -0.89583
0.655 -0.89719
0.6555 -0.89855
0.656 -0.89991
0.6565 -0.90126
0.657 -0.90262
0.6575 -0.90396
0.658 -0.90531
0.6585 -0.90664
0.659 -0.90797
0.6595 -0.90929
0.66 -0.91061
0.6605 -0.91191
0.661 -0.9132
0.6615 -0.91448
0.662 -0.91574
0.6625 -0.917
0.663 -0.91824
0.6635 -0.91947
0.664 -0.9207
0.6645 -0.92192
0.665 -0.92312
0.6655 -0.92432
0.666 -0.9255
0.6665 -0.92667
0.667 -0.92782
0.6675 -0.92896
0.668 -0.93009
0.6685 -0.93119
0.669 -0.93228
0.6695 -0.93335
0.67 -0.93439
0.6705 -0.93542
0.671 -0.93644
0.6715 -0.93744
0.672 -0.93843
0.6725 -0.9394
0.673 -0.94037
0.6735 -0.94133
0.674 -0.94229
0.6745 -0.94324
0.675 -0.94419
0.6755 -0.94514
0.676 -0.94609
0.6765 -0.94703
0.677 -0.94797
0.6775 -0.94891
0.678 -0.94983
0.6785 -0.95074
0.679 -0.95164
0.6795 -0.95253
0.68 -0.9534
0.6805 -0.95425
0.681 -0.95508
0.6815 -0.95589
0.682 -0.95668
0.6825 -0.95746
0.683 -0.95822
0.6835 -0.95896
0.684 -0.95969
0.6845 -0.96041
0.685 -0.96111
0.6855 -0.9618
0.686 -0.96248
0.6865 -0.96314
0.687 -0.9638
0.6875 -0.96445
0.688 -0.96509
0.6885 -0.96571
0.689 -0.96633
0.6895 -0.96692
0.69 -0.96751
0.6905 -0.96809
0.691 -0.96865
0.6915 -0.96921
0.692 -0.96976
0.6925 -0.9703
0.693 -0.97084
0.6935 -0.97137
0.694 -0.9719
0.6945 -0.97243
0.695 -0.97296
0.6955 -0.97348
0.696 -0.97401
0.6965 -0.97452
0.697 -0.97502
0.6975 -0.97551
0.698 -0.97598
0.6985 -0.97643
0.699 -0.97685
0.6995 -0.97726
0.7 -0.97763
0.7005 -0.97798
0.701 -0.97829
0.7015 -0.97859
0.702 -0.97886
0.7025 -0.97911
0.703 -0.97934
0.7035 -0.97956
0.704 -0.97976
0.7045 -0.97996
0.705 -0.98016
0.7055 -0.98035
0.706 -0.98054
0.7065 -0.98073
0.707 -0.98091
0.7075 -0.9811
0.708 -0.98127
0.7085 -0.98144
0.709 -0.9816
0.7095 -0.98175
0.71 -0.98189
0.7105 -0.98203
0.711 -0.98215
0.7115 -0.98225
0.712 -0.98235
0.7125 -0.98242
0.713 -0.98249
0.7135 -0.98255
0.714 -0.9826
0.7145 -0.98264
0.715 -0.98266
0.7155 -0.98268
0.716 -0.98268
0.7165 -0.98267
0.717 -0.98264
0.7175 -0.9826
0.718 -0.98254
0.7185 -0.98246
0.719 -0.98236
0.7195 -0.98224
0.72 -0.9821
0.7205 -0.98194
0.721 -0.98177
0.7215 -0.98158
0.722 -0.98137
0.7225 -0.98116
0.723 -0.98093
0.7235 -0.9807
0.724 -0.98047
0.7245 -0.98023
0.725 -0.97999
0.7255 -0.97974
0.726 -0.9795
0.7265 -0.97925
0.727 -0.979
0.7275 -0.97874
0.728 -0.97847
0.7285 -0.97819
0.729 -0.97789
0.7295 -0.97759
0.73 -0.97726
0.7305 -0.97692
0.731 -0.97655
0.7315 -0.97617
0.732 -0.97576
0.7325 -0.97534
0.733 -0.9749
0.7335 -0.97445
0.734 -0.97398
0.7345 -0.97349
0.735 -0.973
0.7355 -0.97249
0.736 -0.97197
0.7365 -0.97144
0.737 -0.9709
0.7375 -0.97035
0.738 -0.96979
0.7385 -0.96921
0.739 -0.96863
0.7395 -0.96803
0.74 -0.96742
0.7405 -0.96679
0.741 -0.96616
0.7415 -0.96552
0.742 -0.96487
0.7425 -0.96422
0.743 -0.96356
0.7435 -0.96289
0.744 -0.96222
0.7445 -0.96155
0.745 -0.96088
0.7455 -0.96021
0.746 -0.95953
0.7465 -0.95885
0.747 -0.95815
0.7475 -0.95744
0.748 -0.95671
0.7485 -0.95596
0.749 -0.95519
0.7495 -0.9544
0.75 -0.95358
0.7505 -0.95273
0.751 -0.95186
0.7515 -0.95095
0.752 -0.95003
0.7525 -0.94909
0.753 -0.94813
0.7535 -0.94716
0.754 -0.94618
0.7545 -0.94519
0.755 -0.94419
0.7555 -0.94319
0.756 -0.94219
0.7565 -0.94119
0.757 -0.94019
0.7575 -0.93918
0.758 -0.93817
0.7585 -0.93715
0.759 -0.93613
0.7595 -0.93509
0.76 -0.93405
0.7605 -0.933
0.761 -0.93193
0.7615 -0.93085
0.762 -0.92976
0.7625 -0.92866
0.763 -0.92754
0.7635 -0.92642
0.764 -0.92529
0.7645 -0.92414
0.765 -0.92299
0.7655 -0.92182
0.766 -0.92065
0.7665 -0.91946
0.767 -0.91825
0.7675 -0.91703
0.768 -0.9158
0.7685 -0.91454
0.769 -0.91327
0.7695 -0.91198
0.77 -0.91068
0.7705 -0.90935
0.771 -0.90801
0.7715 -0.90666
0.772 -0.90529
0.7725 -0.90391
0.773 -0.90253
0.7735 -0.90113
0.774 -0.89974
0.7745 -0.89834
0.775 -0.89694
0.7755 -0.89553
0.776 -0.89413
0.7765 -0.89272
0.777 -0.89131
0.7775 -0.88989
0.778 -0.88846
0.7785 -0.88702
0.779 -0.88557
0.7795 -0.88411
0.78 -0.88263
0.7805 -0.88114
0.781 -0.87963
0.7815 -0.87809
0.782 -0.87654
0.7825 -0.87498
0.783 -0.8734
0.7835 -0.8718
0.784 -0.87019
0.7845 -0.86857
0.785 -0.86694
0.7855 -0.86529
0.786 -0.86364
0.7865 -0.86198
0.787 -0.8603
0.7875 -0.85863
0.788 -0.85694
0.7885 -0.85524
0.789 -0.85353
0.7895 -0.8518
0.79 -0.85007
0.7905 -0.84833
0.791 -0.84658
0.7915 -0.84482
0.792 -0.84305
0.7925 -0.84128
0.793 -0.8395
0.7935 -0.83772
0.794 -0.83593
0.7945 -0.83415
0.795 -0.83237
0.7955 -0.83058
0.796 -0.82878
0.7965 -0.82698
0.797 -0.82517
0.7975 -0.82335
0.798 -0.82152
0.7985 -0.81966
0.799 -0.81779
0.7995 -0.8159
0.8 -0.81399
0.8005 -0.81205
0.801 -0.81008
0.8015 -0.8081
0.802 -0.8061
0.8025 -0.80408
0.803 -0.80204
0.8035 -0.8
0.804 -0.79794
0.8045 -0.79588
0.805 -0.79382
0.8055 -0.79175
0.806 -0.78968
0.8065 -0.78762
0.807 -0.78555
0.8075 -0.78348
0.808 -0.7814
0.8085 -0.77932
0.809 -0.77723
0.8095 -0.77513
0.81 -0.77303
0.8105 -0.77091
0.811 -0.76879
0.8115 -0.76666
0.812 -0.76452
0.8125 -0.76237
0.813 -0.7602
0.8135 -0.75803
0.814 -0.75585
0.8145 -0.75367
0.815 -0.75147
0.8155 -0.74927
0.816 -0.74705
0.8165 -0.74482
0.817 -0.74259
0.8175 -0.74034
0.818 -0.73808
0.8185 -0.7358
0.819 -0.73351
0.8195 -0.73121
0.82 -0.72889
0.8205 -0.72656
0.821 -0.72421
0.8215 -0.72185
0.822 -0.71949
0.8225 -0.71711
0.823 -0.71473
0.8235 -0.71235
0.824 -0.70996
0.8245 -0.70757
0.825 -0.70517
0.8255 -0.70278
0.826 -0.70038
0.8265 -0.69798
0.827 -0.69558
0.8275 -0.69317
0.828 -0.69076
0.8285 -0.68834
0.829 -0.68591
0.8295 -0.68347
0.83 -0.68101
0.8305 -0.67855
0.831 -0.67607
0.8315 -0.67358
0.832 -0.67107
0.8325 -0.66855
0.833 -0.66602
0.8335 -0.66347
0.834 -0.66092
0.8345 -0.65836
0.835 -0.65578
0.8355 -0.6532
0.836 -0.65062
0.8365 -0.64802
0.837 -0.64542
0.8375 -0.64282
0.838 -0.64021
0.8385 -0.63759
0.839 -0.63496
0.8395 -0.63233
0.84 -0.62968
0.8405 -0.62703
0.841 -0.62438
0.8415 -0.62172
0.842 -0.61905
0.8425 -0.61638
0.843 -0.6137
0.8435 -0.61102
0.844 -0.60834
0.8445 -0.60566
0.845 -0.60298
0.8455 -0.6003
0.846 -0.59761
0.8465 -0.59491
0.847 -0.59221
0.8475 -0.5895
0.848 -0.58679
0.8485 -0.58406
0.849 -0.58132
0.8495 -0.57856
0.85 -0.57579
0.8505 -0.573
0.851 -0.5702
0.8515 -0.56738
0.852 -0.56455
0.8525 -0.56171
0.853 -0.55886
0.8535 -0.556
0.854 -0.55313
0.8545 -0.55026
0.855 -0.54739
0.8555 -0.54452
0.856 -0.54165
0.8565 -0.53878
0.857 -0.53591
0.8575 -0.53304
0.858 -0.53016
0.8585 -0.52728
0.859 -0.5244
0.8595 -0.52151
0.86 -0.51862
0.8605 -0.51572
0.861 -0.51282
0.8615 -0.50991
0.862 -0.50699
0.8625 -0.50407
0.863 -0.50114
0.8635 -0.49821
0.864 -0.49527
0.8645 -0.49233
0.865 -0.48938
0.8655 -0.48642
0.866 -0.48346
0.8665 -0.48049
0.867 -0.47752
0.8675 -0.47455
0.868 -0.47156
0.8685 -0.46857
0.869 -0.46558
0.8695 -0.46258
0.87 -0.45957
0.8705 -0.45655
0.871 -0.45353
0.8715 -0.4505
0.872 -0.44747
0.8725 -0.44444
0.873 -0.4414
0.8735 -0.43836
0.874 -0.43532
0.8745 -0.43227
0.875 -0.42923
0.8755 -0.42619
0.876 -0.42315
0.8765 -0.4201
0.877 -0.41706
0.8775 -0.41401
0.878 -0.41096
0.8785 -0.4079
0.879 -0.40485
0.8795 -0.40179
0.88 -0.39873
0.8805 -0.39566
0.881 -0.39259
0.8815 -0.38952
0.882 -0.38644
0.8825 -0.38336
0.883 -0.38027
0.8835 -0.37718
0.884 -0.37409
0.8845 -0.37099
0.885 -0.3679
0.8855 -0.3648
0.886 -0.36171
0.8865 -0.35861
0.887 -0.35552
0.8875 -0.35243
0.888 -0.34935
0.8885 -0.34626
0.889 -0.34318
0.8895 -0.34009
0.89 -0.33701
0.8905 -0.33393
0.891 -0.33085
0.8915 -0.32776
0.892 -0.32468
0.8925 -0.3216
0.893 -0.31852
0.8935 -0.31544
0.894 -0.31236
0.8945 -0.30927
0.895 -0.30618
0.8955 -0.30309
0.896 -0.3
0.8965 -0.29691
0.897 -0.29382
0.8975 -0.29073
0.898 -0.28765
0.8985 -0.28458
0.899 -0.28152
0.8995 -0.27847
0.9 -0.27543
0.9005 -0.27241
0.901 -0.26939
0.9015 -0.26638
0.902 -0.26338
0.9025 -0.26038
0.903 -0.2574
0.9035 -0.25442
0.904 -0.25144
0.9045 -0.24848
0.905 -0.24552
0.9055 -0.24256
0.906 -0.23961
0.9065 -0.23667
0.907 -0.23373
0.9075 -0.23079
0.908 -0.22786
0.9085 -0.22494
0.909 -0.22202
0.9095 -0.21911
0.91 -0.21621
0.9105 -0.21332
0.911 -0.21044
0.9115 -0.20756
0.912 -0.2047
0.9125 -0.20185
0.913 -0.19901
0.9135 -0.19617
0.914 -0.19333
0.9145 -0.1905
0.915 -0.18768
0.9155 -0.18487
0.916 -0.18207
0.9165 -0.17929
0.917 -0.17653
0.9175 -0.1738
0.918 -0.17109
0.9185 -0.1684
0.919 -0.16575
0.9195 -0.16313
0.92 -0.16053
0.9205 -0.15795
0.921 -0.1554
0.9215 -0.15287
0.922 -0.15035
0.9225 -0.14785
0.923 -0.14537
0.9235 -0.1429
0.924 -0.14043
0.9245 -0.13798
0.925 -0.13553
0.9255 -0.13308
0.926 -0.13063
0.9265 -0.12819
0.927 -0.12575
0.9275 -0.12333
0.928 -0.12092
0.9285 -0.11853
0.929 -0.11616
0.9295 -0.11382
0.93 -0.11151
0.9305 -0.10923
0.931 -0.107
0.9315 -0.1048
0.932 -0.10263
0.9325 -0.1005
0.933 -0.0984
0.9335 -0.09632
0.934 -0.09427
0.9345 -0.09225
0.935 -0.09026
0.9355 -0.08829
0.936 -0.08634
0.9365 -0.08442
0.937 -0.08252
0.9375 -0.08065
0.938 -0.0788
0.9385 -0.07698
0.939 -0.07518
0.9395 -0.07342
0.94 -0.07168
0.9405 -0.06996
0.941 -0.06827
0.9415 -0.06659
0.942 -0.06493
0.9425 -0.06329
0.943 -0.06166
0.9435 -0.06004
0.944 -0.05842
0.9445 -0.05681
0.945 -0.05519
0.9455 -0.05358
0.946 -0.05199
0.9465 -0.05041
0.947 -0.04886
0.9475 -0.04733
0.948 -0.04584
0.9485 -0.0444
0.949 -0.043
0.9495 -0.04165
0.95 -0.04037
0.9505 -0.03914
0.951 -0.03798
0.9515 -0.03688
0.952 -0.03582
0.9525 -0.0348
0.953 -0.03382
0.9535 -0.03286
0.954 -0.03193
0.9545 -0.03102
0.955 -0.03011
0.9555 -0.02921
0.956 -0.0283
0.9565 -0.02739
0.957 -0.02648
0.9575 -0.02558
0.958 -0.02469
0.9585 -0.02382
0.959 -0.02295
0.9595 -0.02211
0.96 -0.02128
0.9605 -0.02047
0.961 -0.01968
0.9615 -0.01891
0.962 -0.01817
0.9625 -0.01745
0.963 -0.01676
0.9635 -0.01609
0.964 -0.01544
0.9645 -0.01481
0.965 -0.0142
0.9655 -0.01361
0.966 -0.01304
0.9665 -0.01249
0.967 -0.01196
0.9675 -0.01145
0.968 -0.01095
0.9685 -0.01048
0.969 -0.01002
0.9695 -0.00959
0.97 -0.00919
0.9705 -0.00881
0.971 -0.00845
0.9715 -0.00811
0.972 -0.00778
0.9725 -0.00747
0.973 -0.00717
0.9735 -0.00687
0.974 -0.00658
0.9745 -0.00628
0.975 -0.00599
0.9755 -0.0057
0.976 -0.00541
0.9765 -0.00513
0.977 -0.00486
0.9775 -0.00459
0.978 -0.00433
0.9785 -0.00408
0.979 -0.00384
0.9795 -0.00361
0.98 -0.00339
0.9805 -0.00318
0.981 -0.00298
0.9815 -0.0028
0.982 -0.00264
0.9825 -0.00249
0.983 -0.00235
0.9835 -0.00223
0.984 -0.00211
0.9845 -0.00201
0.985 -0.00191
0.9855 -0.00181
0.986 -0.00172
0.9865 -0.00163
0.987 -0.00154
0.9875 -0.00145
0.988 -0.00136
0.9885 -0.00127
0.989 -0.00119
0.9895 -0.00111
0.99 -0.00103
0.9905 -0.00096
0.991 -0.00089
0.9915 -0.00082
0.992 -0.00076
0.9925 -0.00069
0.993 -0.00063
0.9935 -0.00057
0.994 -0.00052
0.9945 -0.00046
0.995 -0.0004
0.9955 -0.00035
0.996 -0.0003
0.9965 -0.00025
0.997 -0.0002
0.9975 -0.00016
0.998 -0.00012
0.9985 -9e-05
0.999 -5e-05
0.9995 -2e-05
1 0
1.0005 2e-05
1.001 3e-05
1.0015 4e-05
1.002 4e-05
1.0025 4e-05
1.003 4e-05
1.0035 3e-05
1.004 2e-05
1.0045 2e-05
1.005 1e-05
1.0055 0
1.006 0
1.0065 0
1.007 0
1.0075 0
1.008 0
1.0085 0
1.009 0
1.0095 0
1.01 0
1.0105 0
1.011 0
1.0115 0
1.012 0
1.0125 0
1.013 0
1.0135 0
1.014 0
1.0145 0
1.015 0
1.0155 0
1.016 0
1.0165 0
1.017 0
1.0175 0
1.018 0
1.0185 0
1.019 0
1.0195 0
1.02 0
1.0205 0
1.021 0
1.0215 0
1.022 0
1.0225 0
1.023 0
1.0235 0
1.024 0
1.0245 0
1.025 0
1.0255 0
1.026 0
1.0265 0
1.027 0
1.0275 0
1.028 0
1.0285 0
1.029 0
1.0295 0
1.03 0
1.0305 0
1.031 0
1.0315 0
1.032 0
1.0325 0
1.033 0
1.0335 0
1.034 0
1.0345 0
1.035 0
1.0355 0
1.036 0
1.0365 0
1.037 0
1.0375 0
1.038 0
1.0385 0
1.039 0
1.0395 0
1.04 0
1.0405 0
1.041 0
1.0415 0
1.042 0
1.0425 0
1.043 0
1.0435 0
1.044 0
1.0445 0
1.045 0
1.0455 0
1.046 0
1.0465 0
1.047 0
1.0475 0
1.048 0
1.0485 0
1.049 0
1.0495 0
1.05 0
1.0505 0
1.051 0
1.0515 0
1.052 0
1.0525 0
1.053 0
1.0535 0
1.054 0
1.0545 0
1.055 0
1.0555 0
1.056 0
1.0565 0
1.057 0
1.0575 0
1.058 0
1.0585 0
1.059 0
1.0595 0
1.06 0
1.0605 0
1.061 0
1.0615 0
1.062 0
1.0625 0
1.063 0
1.0635 0
1.064 0
1.0645 0
1.065 0
1.0655 0
1.066 0
1.0665 0
1.067 0
1.0675 0
1.068 0
1.0685 0
1.069 0
1.0695 0
1.07 0
1.0705 0
1.071 0
1.0715 0
1.072 0
1.0725 0
1.073 0
1.0735 0
1.074 0
1.0745 0
1.075 0
1.0755 0
1.076 0
1.0765 0
1.077 0
1.0775 0
1.078 0
1.0785 0
1.079 0
1.0795 0
1.08 0
1.0805 0
1.081 0
1.0815 0
1.082 0
1.0825 0
1.083 0
1.0835 0
1.084 0
1.0845 0
1.085 0
1.0855 0
1.086 0
1.0865 0
1.087 0
1.0875 0
1.088 0
1.0885 0
1.089 0
1.0895 0
1.09 0
1.0905 0
1.091 0
1.0915 0
1.092 0
1.0925 0
1.093 0
1.0935 0
1.094 0
1.0945 0
1.095 0
1.0955 0
1.096 0
1.0965 0
1.097 0
1.0975 0
1.098 0
1.0985 0
1.099 0
1.0995 0
1.1 0
1.1005 0
1.101 0
1.1015 0
1.102 0
1.1025 0
1.103 0
1.1035 0
1.104 0
1.1045 0
1.105 0
1.1055 0
1.106 0
1.1065 0
1.107 0
1.1075 0
1.108 0
1.1085 0
1.109 0
1.1095 0
1.11 0
1.1105 0
1.111 0
1.1115 0
1.112 0
1.1125 0
1.113 0
1.1135 0
1.114 0
1.1145 0
1.115 0
1.1155 0
1.116 0
1.1165 0
1.117 0
1.1175 0
1.118 0
1.1185 0
1.119 0
1.1195 0
1.12 0
1.1205 0
1.121 0
1.1215 0
1.122 0
1.1225 0
1.123 0
1.1235 0
1.124 0
1.1245 0
1.125 0
1.1255 0
1.126 0
1.1265 0
1.127 0
1.1275 0
1.128 0
1.1285 0
1.129 0
1.1295 0
1.13 0
1.1305 0
1.131 0
1.1315 0
1.132 0
1.1325 0
1.133 0
1.1335 0
1.134 0
1.1345 0
1.135 0
1.1355 0
1.136 0
1.1365 0
1.137 0
1.1375 0
1.138 0
1.1385 0
1.139 0
1.1395 0
1.14 0
1.1405 0
1.141 0
1.1415 0
1.142 0
1.1425 0
1.143 0
1.1435 0
1.144 0
1.1445 0
1.145 0
1.1455 0
1.146 0
1.1465 0
1.147 0
1.1475 0
1.148 0
1.1485 0
1.149 0
1.1495 0
1.15 0
1.1505 0
1.151 0
1.1515 0
1.152 0
1.1525 0
1.153 0
1.1535 0
1.154 0
1.1545 0
1.155 0
1.1555 0
1.156 0
1.1565 0
1.157 0
1.1575 0
1.158 0
1.1585 0
1.159 0
1.1595 0
1.16 0
1.1605 0
1.161 0
1.1615 0
1.162 0
1.1625 0
1.163 0
1.1635 0
1.164 0
1.1645 0
1.165 0
1.1655 0
1.166 0
1.1665 0
1.167 0
1.1675 0
1.168 0
1.1685 0
1.169 0
1.1695 0
1.17 0
1.1705 0
1.171 0
1.1715 0
1.172 0
1.1725 0
1.173 0
1.1735 0
1.174 0
1.1745 0
1.175 0
1.1755 0
1.176 0
1.1765 0
1.177 0
1.1775 0
1.178 0
1.1785 0
1.179 0
1.1795 0
1.18 0
1.1805 0
1.181 0
1.1815 0
1.182 0
1.1825 0
1.183 0
1.1835 0
1.184 0
1.1845 0
1.185 0
1.1855 0
1.186 0
1.1865 0
1.187 0
1.1875 0
1.188 0
1.1885 0
1.189 0
1.1895 0
1.19 0
1.1905 0
1.191 0
1.1915 0
1.192 0
1.1925 0
1.193 0
1.1935 0
1.194 0
1.1945 0
1.195 0
1.1955 0
1.196 0
1.1965 0
1.197 0
1.1975 0
1.198 0
1.1985 0
1.199 0
1.1995 0
1.2 0
1.2005 0
1.201 0
1.2015 0
1.202 0
1.2025 0
1.203 0
1.2035 0
1.204 0
1.2045 0
1.205 0
1.2055 0
1.206 0
1.2065 0
1.207 0
1.2075 0
1.208 0
1.2085 0
1.209 0
1.2095 0
1.21 0
1.2105 0
1.211 0
1.2115 0
1.212 0
1.2125 0
1.213 0
1.2135 0
1.214 0
1.2145 0
1.215 0
1.2155 0
1.216 0
1.2165 0
1.217 0
1.2175 0
1.218 0
1.2185 0
1.219 0
1.2195 0
1.22 0
1.2205 0
1.221 0
1.2215 0
1.222 0
1.2225 0
1.223 0
1.2235 0
1.224 0
1.2245 0
1.225 0
1.2255 0
1.226 0
1.2265 0
1.227 0
1.2275 0
1.228 0
1.2285 0
1.229 0
1.2295 0
1.23 0
1.2305 0
1.231 0
1.2315 0
1.232 0
1.2325 0
1.233 0
1.2335 0
1.234 0
1.2345 0
1.235 0
1.2355 0
1.236 0
1.2365 0
1.237 0
1.2375 0
1.238 0
1.2385 0
1.239 0
1.2395 0
1.24 0
1.2405 0
1.241 0
1.2415 0
1.242 0
1.2425 0
1.243 0
1.2435 0
1.244 0
1.2445 0
1.245 0
1.2455 0
1.246 0
1.2465 0
1.247 0
1.2475 0
1.248 0
1.2485 0
1.249 0
1.2495 0
1.25 0
1.2505 0
1.251 0
1.2515 0
1.252 0
1.2525 0
1.253 0
1.2535 0
1.254 0
1.2545 0
1.255 0
1.2555 0
1.256 0
1.2565 0
1.257 0
1.2575 0
1.258 0
1.2585 0
1.259 0
1.2595 0
1.26 0
1.2605 0
1.261 0
1.2615 0
1.262 0
1.2625 0
1.263 0
1.2635 0
1.264 0
1.2645 0
1.265 0
1.2655 0
1.266 0
1.2665 0
1.267 0
1.2675 0
1.268 0
1.2685 0
1.269 0
1.2695 0
1.27 0
1.2705 0
1.271 0
1.2715 0
1.272 0
1.2725 0
1.273 0
1.2735 0
1.274 0
1.2745 0
1.275 0
1.2755 0
1.276 0
1.2765 0
1.277 0
1.2775 0
1.278 0
1.2785 0
1.279 0
1.2795 0
1.28 0
1.2805 0
1.281 0
1.2815 0
1.282 0
1.2825 0
1.283 0
1.2835 0
1.284 0
1.2845 0
1.285 0
1.2855 0
1.286 0
1.2865 0
1.287 0
1.2875 0
1.288 0
1.2885 0
1.289 0
1.2895 0
1.29 0
1.2905 0
1.291 0
1.2915 0
1.292 0
1.2925 0
1.293 0
1.2935 0
1.294 0
1.2945 0
1.295 0
1.2955 0
1.296 0
1.2965 0
1.297 0
1.2975 0
1.298 0
1.2985 0
1.299 0
1.2995 0
1.3 0
1.3005 0
1.301 0
1.3015 0
1.302 0
1.3025 0
1.303 0
1.3035 0
1.304 0
1.3045 0
1.305 0
1.3055 0
1.306 0
1.3065 0
1.307 0
1.3075 0
1.308 0
1.3085 0
1.309 0
1.3095 0
1.31 0
1.3105 0
1.311 0
1.3115 0
1.312 0
1.3125 0
1.313 0
1.3135 0
1.314 0
1.3145 0
1.315 0
1.3155 0
1.316 0
1.3165 0
1.317 0
1.3175 0
1.318 0
1.3185 0
1.319 0
1.3195 0
1.32 0
1.3205 0
1.321 0
1.3215 0
1.322 0
1.3225 0
1.323 0
1.3235 0
1.324 0
1.3245 0
1.325 0
1.3255 0
1.326 0
1.3265 0
1.327 0
1.3275 0
1.328 0
1.3285 0
1.329 0
1.3295 0
1.33 0
1.3305 0
1.331 0
1.3315 0
1.332 0
1.3325 0
1.333 0
1.3335 0
1.334 0
1.3345 0
1.335 0
1.3355 0
1.336 0
1.3365 0
1.337 0
1.3375 0
1.338 0
1.3385 0
1.339 0
1.3395 0
1.34 0
1.3405 0
1.341 0
1.3415 0
1.342 0
1.3425 0
1.343 0
1.3435 0
1.344 0
1.3445 0
1.345 0
1.3455 0
1.346 0
1.3465 0
1.347 0
1.3475 0
1.348 0
1.3485 0
1.349 0
1.3495 0
1.35 0
1.3505 0
1.351 0
1.3515 0
1.352 0
1.3525 0
1.353 0
1.3535 0
1.354 0
1.3545 0
1.355 0
1.3555 0
1.356 0
1.3565 0
1.357 0
1.3575 0
1.358 0
1.3585 0
1.359 0
1.3595 0
1.36 0
1.3605 0
1.361 0
1.3615 0
1.362 0
1.3625 0
1.363 0
1.3635 0
1.364 0
1.3645 0
1.365 0
1.3655 0
1.366 0
1.3665 0
1.367 0
1.3675 0
1.368 0
1.3685 0
1.369 0
1.3695 0
1.37 0
1.3705 0
1.371 0
1.3715 0
1.372 0
1.3725 0
1.373 0
1.3735 0
1.374 0
1.3745 0
1.375 0
1.3755 0
1.376 0
1.3765 0
1.377 0
1.3775 0
1.378 0
1.3785 0
1.379 0
1.3795 0
1.38 0
1.3805 0
1.381 0
1.3815 0
1.382 0
1.3825 0
1.383 0
1.3835 0
1.384 0
1.3845 0
1.385 0
1.3855 0
1.386 0
1.3865 0
1.387 0
1.3875 0
1.388 0
1.3885 0
1.389 0
1.3895 0
1.39 0
1.3905 0
1.391 0
1.3915 0
1.392 0
1.3925 0
1.393 0
1.3935 0
1.394 0
1.3945 0
1.395 0
1.3955 0
1.396 0
1.3965 0
1.397 0
1.3975 0
1.398 0
1.3985 0
1.399 0
1.3995 0
1.4 0
1.4005 0
1.401 0
1.4015 0
1.402 0
1.4025 0
1.403 0
1.4035 0
1.404 0
1.4045 0
1.405 0
1.4055 0
1.406 0
1.4065 0
1.407 0
1.4075 0
1.408 0
1.4085 0
1.409 0
1.4095 0
1.41 0
1.4105 0
1.411 0
1.4115 0
1.412 0
1.4125 0
1.413 0
1.4135 0
1.414 0
1.4145 0
1.415 0
1.4155 0
1.416 0
1.4165 0
1.417 0
1.4175 0
1.418 0
1.4185 0
1.419 0
1.4195 0
1.42 0
1.4205 0
1.421 0
1.4215 0
1.422 0
1.4225 0
1.423 0
1.4235 0
1.424 0
1.4245 0
1.425 0
1.4255 0
1.426 0
1.4265 0
1.427 0
1.4275 0
1.428 0
1.4285 0
1.429 0
1.4295 0
1.43 0
1.4305 0
1.431 0
1.4315 0
1.432 0
1.4325 0
1.433 0
1.4335 0
1.434 0
1.4345 0
1.435 0
1.4355 0
1.436 0
1.4365 0
1.437 0
1.4375 0
1.438 0
1.4385 0
1.439 0
1.4395 0
1.44 0
1.4405 0
1.441 0
1.4415 0
1.442 0
1.4425 0
1.443 0
1.4435 0
1.444 0
1.4445 0
1.445 0
1.4455 0
1.446 0
1.4465 0
1.447 0
1.4475 0
1.448 0
1.4485 0
1.449 0
1.4495 0
1.45 0
1.4505 0
1.451 0
1.4515 0
1.452 0
1.4525 0
1.453 0
1.4535 0
1.454 0
1.4545 0
1.455 0
1.4555 0
1.456 0
1.4565 0
1.457 0
1.4575 0
1.458 0
1.4585 0
1.459 0
1.4595 0
1.46 0
1.4605 0
1.461 0
1.4615 0
1.462 0
1.4625 0
1.463 0
1.4635 0
1.464 0
1.4645 0
1.465 0
1.4655 0
1.466 0
1.4665 0
1.467 0
1.4675 0
1.468 0
1.4685 0
1.469 0
1.4695 0
1.47 0
1.4705 0
1.471 0
1.4715 0
1.472 0
1.4725 0
1.473 0
1.4735 0
1.474 0
1.4745 0
1.475 0
1.4755 0
1.476 0
1.4765 0
1.477 0
1.4775 0
1.478 0
1.4785 0
1.479 0
1.4795 0
1.48 0
1.4805 0
1.481 0
1.4815 0
1.482 0
1.4825 0
1.483 0
1.4835 0
1.484 0
1.4845 0
1.485 0
1.4855 0
1.486 0
1.4865 0
1.487 0
1.4875 0
1.488 0
1.4885 0
1.489 0
1.4895 0
1.49 0
1.4905 0
1.491 0
1.4915 0
1.492 0
1.4925 0
1.493 0
1.4935 0
1.494 0
1.4945 0
1.495 0
1.4955 0
1.496 0
1.4965 0
1.497 0
1.4975 0
1.498 0
1.4985 0
1.499 0
1.4995 0
1.5 0
