     0.00000000      0.00000000
     0.24976100     -2.89770000
     0.49952300     -3.11270000
     0.74928400     -3.56880000
     0.99904500     -4.43080000
     1.24880200     -5.13160000
     1.49855800     -5.88770000
     1.74831500     -6.66390000
     1.99807100     -7.38910000
     2.24782300     -7.32320000
     2.49757500     -7.35140000
     2.74732600     -7.64530000
     2.99707800     -8.28430000
     3.24682500     -8.93180000
     3.49657200     -9.40840000
     3.74631900     -9.92190000
     3.99606600    -10.87370000
     4.24580800    -10.90740000
     4.49555000    -10.92500000
     4.74529300    -11.03790000
     4.99503500    -11.32880000
     5.24477200    -11.32170000
     5.49451000    -11.24670000
     5.74424700    -11.22530000
     5.99398400    -11.62560000
     6.24371700    -11.86410000
     6.49344900    -12.06860000
     6.74318200    -12.20360000
     6.99291500    -12.26420000
     7.24264200    -12.30730000
     7.49237000    -12.29150000
     7.74209800    -12.18950000
     7.99182600    -12.32100000
     8.24154900    -12.60730000
     8.49127200    -12.85890000
     8.74099400    -12.85400000
     8.99071700    -12.95170000
     9.24043600    -13.16430000
     9.49015400    -13.45240000
     9.73987200    -13.74600000
     9.98959000    -13.94920000
    10.23930300    -14.06530000
    10.48901600    -14.09930000
    10.73873000    -14.01930000
    10.98844300    -13.96210000
    11.23815100    -14.02230000
    11.48786000    -14.20980000
    11.73756800    -14.45670000
    11.98727700    -14.69270000
    12.23698000    -14.86840000
    12.48668400    -14.97870000
    12.73638700    -15.13530000
    12.98609100    -15.41580000
    13.23579000    -15.68080000
    13.48548800    -15.86200000
    13.73518700    -16.04670000
    13.98488600    -16.40760000
    14.23458000    -16.81590000
    14.48427400    -17.12380000
    14.73396700    -17.51970000
    14.98366100    -17.80410000
    15.23335000    -17.97180000
    15.48303900    -18.01680000
    15.73272800    -17.97670000
    15.98241700    -17.94660000
    16.23210100    -17.94380000
    16.48178500    -17.95040000
    16.73147000    -17.99250000
    16.98115400    -18.01210000
    17.23083300    -18.02090000
    17.48051200    -18.17530000
    17.73019100    -18.25220000
    17.97987100    -18.28630000
    18.22954500    -18.29290000
    18.47921900    -18.31900000
    18.72889400    -18.26210000
    18.97856800    -18.29180000
    19.22823700    -18.53480000
    19.47790700    -18.87330000
    19.72757600    -18.98040000
    19.97724500    -18.96000000
    20.22691000    -18.94840000
    20.47657400    -18.93460000
    20.72623900    -18.75270000
    20.97590300    -18.59200000
    21.22556300    -18.77750000
    21.47522300    -19.09120000
    21.72488200    -19.45110000
    21.97454200    -19.82780000
    22.22419600    -20.20460000
    22.47385100    -20.50860000
    22.72350600    -20.78980000
    22.97316000    -21.03160000
    23.22281000    -21.02480000
    23.47246000    -21.18190000
    23.72210900    -21.52470000
    23.97175900    -22.03240000
    24.22140400    -22.59000000
    24.47104900    -23.13490000
    24.72069400    -23.62590000
    24.97033800    -24.02110000
    25.21997800    -23.98750000
    25.46961800    -23.85750000
    25.71925800    -23.66890000
    25.96889800    -23.47930000
    26.21853200    -23.39690000
    26.46816700    -23.47950000
    26.71780200    -23.62820000
    26.96743700    -23.59260000
    27.21706700    -23.71900000
    27.46669700    -23.90130000
    27.71632700    -24.19280000
    27.96595700    -24.95640000
    28.21558200    -25.78280000
    28.46520600    -26.60580000
    28.71483100    -27.39390000
    28.96445600    -28.10000000
    29.21407600    -28.65010000
    29.46369600    -29.13270000
    29.71331600    -29.59910000
    29.96293600    -30.08200000
    30.21255100    -30.52170000
    30.46216600    -30.74580000
    30.71178100    -30.51230000
    30.96139600    -30.45930000
    31.21100600    -30.47290000
    31.46061600    -30.56320000
    31.71022600    -30.76290000
    31.95983600    -31.80650000
    32.20944100    -32.95280000
    32.45904500    -34.12750000
    32.70865000    -35.31530000
    32.95825500    -36.64380000
    33.20785500    -38.04170000
    33.45745500    -39.50300000
    33.70705500    -41.06250000
    33.95665500    -42.63930000
    34.20625000    -44.07840000
    34.45584500    -45.23720000
    34.70544000    -45.41950000
    34.95503500    -45.49270000
    35.20462500    -45.56550000
    35.45421500    -45.69670000
    35.70380400    -45.93300000
    35.95339400    -46.25280000
    36.20297900    -46.63590000
    36.45256400    -47.07360000
    36.70214900    -47.56270000
    36.95173400    -48.04290000
    37.20131400    -48.48980000
    37.45089300    -48.87050000
    37.70047300    -49.25720000
    37.95005300    -49.66050000
    38.19962800    -50.07160000
    38.44920200    -50.46510000
    38.69877700    -50.78130000
    38.94835200    -51.06270000
    39.19792200    -51.31990000
    39.44749100    -51.55990000
    39.69706100    -51.78000000
    39.94663100    -51.98060000
    40.19619500    -52.16740000
    40.44576000    -52.34800000
    40.69532500    -52.54390000
    40.94488900    -52.76310000
    41.19444900    -53.01350000
    41.44400800    -53.35550000
    41.69356800    -53.71180000
    41.94312700    -54.06370000
    42.19268200    -54.38720000
    42.44223600    -54.68510000
    42.69179100    -55.10640000
    42.94134500    -55.64270000
    43.19089500    -56.19060000
    43.44044400    -56.72250000
    43.68999400    -57.24610000
    43.93954300    -57.74120000
    44.18908700    -58.11500000
    44.43863200    -58.46390000
    44.68817600    -58.79650000
    44.93772000    -59.11560000
    45.18725900    -59.42120000
    45.43679800    -59.82600000
    45.68633800    -60.26710000
    45.93587700    -60.67720000
    46.18541100    -61.01960000
    46.43494500    -61.33640000
    46.68447900    -61.68440000
    46.93401300    -62.11280000
    47.18354200    -62.49640000
    47.43307100    -62.83400000
    47.68260000    -63.12170000
    47.93212900    -63.34550000
    48.18165300    -63.45180000
    48.43117700    -63.51070000
    48.68070000    -63.54470000
    48.93022400    -63.59600000
    49.17974300    -63.74840000
    49.42926200    -64.12210000
    49.67878000    -64.69550000
    49.92829900    -65.33940000
    50.17781300    -65.97810000
    50.42732600    -66.61890000
    50.67684000    -67.26560000
    50.92635300    -67.95740000
    51.17586200    -68.64650000
    51.42537000    -69.31910000
    51.67487800    -69.96310000
    51.92438700    -70.51800000
    52.17389000    -70.97600000
    52.42339300    -71.35920000
    52.67289700    -71.68560000
    52.92240000    -71.93330000
    53.17189800    -72.04830000
    53.42139600    -72.06060000
    53.67089400    -72.07520000
    53.92039200    -72.03470000
    54.16988500    -71.98530000
    54.41937800    -71.95000000
    54.66887100    -71.99180000
    54.91836400    -72.19900000
    55.16785100    -72.49100000
    55.41733900    -72.83900000
    55.66682700    -73.22110000
    55.91631500    -73.59190000
    56.16579700    -73.90400000
    56.41528000    -74.10960000
    56.66476200    -74.25610000
    56.91424500    -74.37040000
    57.16372200    -74.45870000
    57.41319900    -74.52700000
    57.66267700    -74.76830000
    57.91215400    -75.02490000
    58.16162600    -75.28710000
    58.41109800    -75.54680000
    58.66057000    -75.78860000
    58.91004300    -75.88750000
    59.15950900    -75.85120000
    59.40897600    -75.80180000
    59.65844300    -75.77860000
    59.90791000    -75.78860000
    60.15737200    -75.86650000
    60.40683400    -76.17270000
    60.65629500    -76.50820000
    60.90575700    -76.85260000
    61.15521300    -77.19770000
    61.40467000    -77.53810000
    61.65412600    -77.86970000
    61.90358300    -78.19960000
    62.15303400    -78.53180000
    62.40248500    -78.86430000
    62.65193700    -79.17150000
    62.90138800    -79.39870000
    63.15083400    -79.47430000
    63.40028000    -79.51520000
    63.64972600    -79.56450000
    63.89917200    -79.63720000
    64.14861300    -79.76600000
    64.39805300    -80.02720000
    64.64749400    -80.33200000
    64.89693500    -80.65970000
    65.14637000    -80.98420000
    65.39580600    -81.25910000
    65.64524100    -81.46080000
    65.89467700    -81.57880000
    66.14410700    -81.62510000
    66.39353700    -81.64390000
    66.64296800    -81.64910000
    66.89239800    -81.64950000
    67.14182300    -81.68190000
    67.39124800    -81.71510000
    67.64067300    -81.74460000
    67.89009800    -81.76400000
    68.13951700    -81.77720000
    68.38893700    -81.80170000
    68.63835700    -81.83510000
    68.88777600    -81.86910000
    69.13719100    -81.89470000
    69.38660500    -81.91360000
    69.63601900    -81.92530000
    69.88543400    -81.92780000
    70.13484300    -81.93010000
    70.38425200    -81.93640000
    70.63366100    -81.95020000
    70.88307000    -81.97390000
    71.13247400    -81.96200000
    71.38187800    -81.93850000
    71.63128200    -81.92070000
    71.88068500    -81.91690000
    72.13008400    -81.91590000
    72.37948200    -81.92180000
    72.62888100    -81.94050000
    72.87827900    -81.95740000
    73.12767300    -81.97290000
    73.37706600    -81.98750000
    73.62645900    -82.00330000
    73.87585200    -82.04640000
    74.12524000    -82.08790000
    74.37462800    -82.12080000
    74.62401600    -82.14890000
    74.87340300    -82.20260000
    75.12278600    -82.43820000
    75.37216800    -82.84910000
    75.62155100    -83.26540000
    75.87093300    -83.65590000
    76.12031100    -84.02830000
    76.36968800    -84.38350000
    76.61906500    -84.72230000
    76.86844200    -85.05050000
    77.11781400    -85.36750000
    77.36718600    -85.67150000
    77.61655800    -85.91980000
    77.86592900    -86.02230000
    78.11529600    -86.04150000
    78.36466200    -86.03430000
    78.61402900    -86.02650000
    78.86339500    -86.01650000
    79.11275600    -86.00090000
    79.36211700    -85.97530000
    79.61147800    -85.94630000
    79.86084000    -85.91810000
    80.11019500    -85.89310000
    80.35955100    -85.87880000
    80.60890700    -85.88600000
    80.85826200    -85.90630000
    81.10761300    -85.93660000
    81.35696300    -85.96600000
    81.60631400    -85.97740000
    81.85566400    -85.95550000
    82.10500900    -85.88040000
    82.35435400    -85.80770000
    82.60369900    -85.74110000
    82.85304400    -85.68360000
    83.10238300    -85.63960000
    83.35172300    -85.63120000
    83.60106200    -85.63530000
    83.85040200    -85.64830000
    84.09973600    -85.66560000
    84.34907000    -85.68420000
    84.59840500    -85.70660000
    84.84773900    -85.73240000
    85.09706800    -85.75000000
    85.34639600    -85.74610000
    85.59572500    -85.72150000
    85.84505400    -85.67940000
    86.09437700    -85.66540000
    86.34370000    -85.64440000
    86.59302400    -85.62340000
    86.84234700    -85.60670000
    87.09166500    -85.58020000
    87.34098300    -85.39100000
    87.59030100    -85.09760000
    87.83961900    -84.77740000
    88.08893100    -84.44000000
    88.33824400    -84.08200000
    88.58755600    -83.75500000
    88.83686900    -83.50060000
    89.08617600    -83.19710000
    89.33548300    -82.85780000
    89.58479000    -82.50110000
    89.83409700    -82.17320000
    90.08339900    -82.15260000
    90.33270000    -82.20080000
    90.58200200    -82.25020000
    90.83130300    -82.25440000
    91.08060000    -82.20980000
    91.32989600    -82.13050000
    91.57919200    -82.01700000
    91.82848800    -81.84670000
    92.07777900    -81.65250000
    92.32706900    -81.44800000
    92.57636000    -81.24700000
    92.82565100    -81.09420000
    93.07493600    -80.95930000
    93.32422100    -80.84420000
    93.57350700    -80.74800000
    93.82279200    -80.70140000
    94.07207200    -80.73120000
    94.32135100    -80.82530000
    94.57063100    -80.95710000
    94.81991100    -81.11020000
    95.06918500    -81.28980000
    95.31845900    -81.50540000
    95.56773400    -81.80800000
    95.81700800    -82.15780000
    96.06627700    -82.54370000
    96.31554500    -82.96230000
    96.56481400    -83.41170000
    96.81408300    -83.83470000
    97.06334600    -84.22090000
    97.31260900    -84.57060000
    97.56187300    -84.85580000
    97.81113600    -85.05610000
    98.06039400    -85.16830000
    98.30965200    -85.18620000
    98.55890900    -85.10760000
    98.80816700    -84.99050000
    99.05741900    -84.84750000
    99.30667200    -84.69280000
    99.55592400    -84.57160000
    99.80517600    -84.47550000
   100.05442300    -84.40150000
   100.30367000    -84.35300000
   100.55291600    -84.33290000
   100.80216300    -84.33930000
   101.05140400    -84.36800000
   101.30064500    -84.38980000
   101.54988700    -84.38660000
   101.79912800    -84.36810000
   102.04836300    -84.34430000
   102.29759900    -84.70790000
   102.54683500    -85.08480000
   102.79607000    -85.45470000
   103.04530100    -85.80050000
   103.29453100    -86.04740000
   103.54376100    -85.96710000
   103.79299100    -85.63560000
   104.04221600    -85.25560000
   104.29144000    -84.90170000
   104.54066500    -84.59540000
   104.78988900    -84.36400000
   105.03910800    -84.32510000
   105.28832700    -84.33350000
   105.53754600    -84.36030000
   105.78676500    -84.39240000
   106.03597900    -84.41050000
   106.28519200    -84.41950000
   106.53440600    -84.41320000
   106.78361900    -84.39020000
   107.03282700    -84.35650000
   107.28203500    -84.33840000
   107.53124300    -84.35540000
   107.78045100    -84.44890000
   108.02965300    -84.58800000
   108.27885500    -84.73930000
   108.52805700    -84.89370000
   108.77726000    -85.03220000
   109.02645600    -85.13580000
   109.27565300    -85.21240000
   109.52485000    -85.26520000
   109.77404700    -85.30380000
   110.02323800    -85.35910000
   110.27242900    -85.44270000
   110.52162000    -85.55450000
   110.77081100    -85.67750000
   111.01999600    -85.79130000
   111.26918200    -85.90210000
   111.51836700    -86.01470000
   111.76755300    -86.22880000
   112.01673300    -86.48440000
   112.26591300    -86.78060000
   112.51509300    -87.12150000
   112.76427300    -87.52360000
   113.01344700    -87.94560000
   113.26262100    -88.37760000
   113.51179500    -88.83190000
   113.76097000    -89.28550000
   114.01013800    -89.73670000
   114.25930700    -90.21170000
   114.50847600    -90.89290000
   114.75764400    -91.61720000
   115.00680700    -92.38340000
   115.25597000    -93.19220000
   115.50513300    -94.01100000
   115.75429600    -94.34770000
   116.00345400    -94.51240000
   116.25261100    -94.69540000
   116.50176800    -94.92290000
   116.75092600    -95.13870000
   117.00007700    -95.24730000
   117.24922900    -95.10020000
   117.49838100    -94.92990000
   117.74753300    -94.76550000
   117.99667900    -94.60070000
   118.24582500    -94.41330000
   118.49497100    -94.13070000
   118.74411700    -93.80230000
   118.99325700    -93.43780000
   119.24239800    -93.03320000
   119.49153800    -92.60150000
   119.74067800    -92.15890000
   119.98981300    -91.70520000
   120.23894800    -91.21940000
   120.48808300    -90.71720000
   120.73721700    -90.21870000
   120.98634600    -89.74600000
   121.23547500    -89.41110000
   121.48460500    -89.11530000
   121.73373400    -88.84130000
   121.98285700    -88.56870000
   122.23198000    -88.28280000
   122.48110400    -87.98670000
   122.73022700    -87.68770000
   122.97934500    -87.38810000
   123.22846200    -87.10150000
   123.47758000    -86.85460000
   123.72669800    -86.68010000
   123.97581000    -86.75640000
   124.22492200    -86.92560000
   124.47403400    -87.14230000
   124.72314600    -87.37790000
   124.97225200    -87.63720000
   125.22135800    -88.01110000
   125.47046400    -88.48270000
   125.71957100    -89.01690000
   125.96867100    -89.60200000
   126.21777200    -90.21720000
   126.46687200    -90.81670000
   126.71597300    -91.29060000
   126.96506800    -91.74980000
   127.21416200    -92.20140000
   127.46325700    -92.64950000
   127.71235200    -93.10930000
   127.96144100    -93.81270000
   128.21053000    -94.59470000
   128.45961900    -95.39380000
   128.70870800    -96.17030000
   128.95779200    -96.90870000
   129.20687500    -97.55330000
   129.45595800    -98.07990000
   129.70504200    -98.55520000
   129.95411900    -99.01490000
   130.20319700    -99.47460000
   130.45227500    -99.95040000
   130.70135200   -100.65910000
   130.95042400   -101.37690000
   131.19949600   -102.08100000
   131.44856800   -102.74900000
   131.69764000   -103.31870000
   131.94670600   -103.68980000
   132.19577200   -103.89930000
   132.44483800   -104.04310000
   132.69390400   -104.15980000
   132.94296400   -104.25190000
   133.19202500   -104.32060000
   133.44108500   -104.33530000
   133.69014500   -104.30650000
   133.93920000   -104.25380000
   134.18825400   -104.19280000
   134.43730900   -104.21330000
   134.68636400   -104.36590000
   134.93541200   -104.61930000
   135.18446100   -104.93740000
   135.43351000   -105.24600000
   135.68255900   -105.49560000
   135.93160200   -105.65530000
   136.18064500   -105.64690000
   136.42968700   -105.54000000
   136.67873000   -105.39760000
   136.92776800   -105.24690000
   137.17680500   -105.17020000
   137.42584200   -105.32840000
   137.67487900   -105.62270000
   137.92391100   -106.01050000
   138.17294200   -106.41770000
   138.42197300   -106.79070000
   138.67100500   -107.09230000
   138.92003000   -107.27040000
   139.16905600   -107.42400000
   139.41808100   -107.59300000
   139.66710700   -107.79460000
   139.91612700   -108.05790000
   140.16514600   -108.60170000
   140.41416600   -109.22710000
   140.66318600   -109.90040000
   140.91220000   -110.59620000
   141.16121400   -111.30100000
   141.41022800   -112.00710000
   141.65924100   -112.71280000
   141.90825000   -113.42070000
   142.15725800   -114.13170000
   142.40626600   -114.84500000
   142.65527400   -115.56020000
   142.90427600   -116.27220000
   143.15327800   -116.99890000
   143.40228000   -117.74010000
   143.65128300   -118.49520000
   143.90027900   -119.22560000
   144.14927500   -119.81270000
   144.39827200   -120.32460000
   144.64726800   -120.84210000
   144.89625900   -121.40020000
   145.14524900   -121.99130000
   145.39424000   -122.61290000
   145.64323000   -123.26280000
   145.89221500   -123.91840000
   146.14120000   -124.44100000
   146.39018400   -124.83910000
   146.63916900   -125.23060000
   146.88814800   -125.61770000
   147.13712700   -125.99670000
   147.38610500   -126.37080000
   147.63508400   -126.75800000
   147.88405700   -127.15380000
   148.13303000   -127.54960000
   148.38200300   -127.93100000
   148.63097600   -128.32570000
   148.87994300   -128.74530000
   149.12891000   -129.19620000
   149.37787700   -129.69350000
   149.62684400   -130.24740000
   149.87580500   -130.84800000
   150.12476600   -131.49530000
   150.37372700   -132.18060000
   150.62268800   -132.85140000
   150.87164400   -133.40310000
   151.12059900   -133.75540000
   151.36955400   -134.01590000
   151.61850900   -134.25770000
   151.86745900   -134.50120000
   152.11640800   -134.76250000
   152.36535700   -135.39310000
   152.61430700   -136.07940000
   152.86325000   -136.80060000
   153.11219300   -137.53000000
   153.36113700   -138.19760000
   153.61008000   -138.58960000
   153.85901800   -138.73030000
   154.10795500   -138.79410000
   154.35689300   -138.84080000
   154.60583000   -138.85910000
   154.85476200   -138.84680000
   155.10369300   -138.73830000
   155.35262500   -138.59720000
   155.60155600   -138.44620000
   155.85048200   -138.29680000
   156.09940800   -138.18750000
   156.34833300   -137.99190000
   156.59725900   -137.81360000
   156.84617800   -137.71560000
   157.09509800   -137.73620000
   157.34401800   -137.86070000
   157.59293700   -138.12230000
   157.84185100   -138.61160000
   158.09076500   -139.24890000
   158.33967900   -139.96890000
